init_num: 1 spread_num: 10 S:[13]
init_num: 2 spread_num: 20 S:[13, 0]
init_num: 3 spread_num: 24 S:[13, 0, 23]
init_num: 4 spread_num: 28 S:[13, 0, 23, 18]
init_num: 5 spread_num: 35 S:[13, 0, 23, 18, 86]
init_num: 6 spread_num: 39 S:[13, 0, 23, 18, 86, 144]
init_num: 7 spread_num: 34 S:[13, 0, 23, 18, 86, 144, 108]
init_num: 8 spread_num: 37 S:[13, 0, 23, 18, 86, 144, 108, 24]
init_num: 9 spread_num: 43 S:[13, 0, 23, 18, 86, 144, 108, 24, 20]
init_num: 10 spread_num: 41 S:[13, 0, 23, 18, 86, 144, 108, 24, 20, 65]
init_num: 11 spread_num: 44 S:[13, 0, 23, 18, 86, 144, 108, 24, 20, 65, 165]
init_num: 12 spread_num: 46 S:[13, 0, 23, 18, 86, 144, 108, 24, 20, 65, 165, 141]
init_num: 13 spread_num: 48 S:[13, 0, 23, 18, 86, 144, 108, 24, 20, 65, 165, 141, 8]
init_num: 14 spread_num: 56 S:[13, 0, 23, 18, 86, 144, 108, 24, 20, 65, 165, 141, 8, 27]
init_num: 15 spread_num: 57 S:[13, 0, 23, 18, 86, 144, 108, 24, 20, 65, 165, 141, 8, 27, 200]
init_num: 16 spread_num: 57 S:[13, 0, 23, 18, 86, 144, 108, 24, 20, 65, 165, 141, 8, 27, 200, 96]
init_num: 17 spread_num: 58 S:[13, 0, 23, 18, 86, 144, 108, 24, 20, 65, 165, 141, 8, 27, 200, 96, 35]
init_num: 18 spread_num: 60 S:[13, 0, 23, 18, 86, 144, 108, 24, 20, 65, 165, 141, 8, 27, 200, 96, 35, 159]
init_num: 19 spread_num: 59 S:[13, 0, 23, 18, 86, 144, 108, 24, 20, 65, 165, 141, 8, 27, 200, 96, 35, 159, 85]
init_num: 20 spread_num: 62 S:[13, 0, 23, 18, 86, 144, 108, 24, 20, 65, 165, 141, 8, 27, 200, 96, 35, 159, 85, 136]
init_num: 21 spread_num: 66 S:[13, 0, 23, 18, 86, 144, 108, 24, 20, 65, 165, 141, 8, 27, 200, 96, 35, 159, 85, 136, 172]
init_num: 22 spread_num: 60 S:[13, 0, 23, 18, 86, 144, 108, 24, 20, 65, 165, 141, 8, 27, 200, 96, 35, 159, 85, 136, 172, 145]
init_num: 23 spread_num: 65 S:[13, 0, 23, 18, 86, 144, 108, 24, 20, 65, 165, 141, 8, 27, 200, 96, 35, 159, 85, 136, 172, 145, 81]
init_num: 24 spread_num: 75 S:[13, 0, 23, 18, 86, 144, 108, 24, 20, 65, 165, 141, 8, 27, 200, 96, 35, 159, 85, 136, 172, 145, 81, 161]
init_num: 25 spread_num: 69 S:[13, 0, 23, 18, 86, 144, 108, 24, 20, 65, 165, 141, 8, 27, 200, 96, 35, 159, 85, 136, 172, 145, 81, 161, 9]
init_num: 26 spread_num: 72 S:[13, 0, 23, 18, 86, 144, 108, 24, 20, 65, 165, 141, 8, 27, 200, 96, 35, 159, 85, 136, 172, 145, 81, 161, 9, 150]
init_num: 27 spread_num: 73 S:[13, 0, 23, 18, 86, 144, 108, 24, 20, 65, 165, 141, 8, 27, 200, 96, 35, 159, 85, 136, 172, 145, 81, 161, 9, 150, 54]
init_num: 28 spread_num: 72 S:[13, 0, 23, 18, 86, 144, 108, 24, 20, 65, 165, 141, 8, 27, 200, 96, 35, 159, 85, 136, 172, 145, 81, 161, 9, 150, 54, 123]
init_num: 29 spread_num: 76 S:[13, 0, 23, 18, 86, 144, 108, 24, 20, 65, 165, 141, 8, 27, 200, 96, 35, 159, 85, 136, 172, 145, 81, 161, 9, 150, 54, 123, 179]
init_num: 30 spread_num: 74 S:[13, 0, 23, 18, 86, 144, 108, 24, 20, 65, 165, 141, 8, 27, 200, 96, 35, 159, 85, 136, 172, 145, 81, 161, 9, 150, 54, 123, 179, 60]
init_num: 31 spread_num: 75 S:[13, 0, 23, 18, 86, 144, 108, 24, 20, 65, 165, 141, 8, 27, 200, 96, 35, 159, 85, 136, 172, 145, 81, 161, 9, 150, 54, 123, 179, 60, 68]
init_num: 32 spread_num: 82 S:[13, 0, 23, 18, 86, 144, 108, 24, 20, 65, 165, 141, 8, 27, 200, 96, 35, 159, 85, 136, 172, 145, 81, 161, 9, 150, 54, 123, 179, 60, 68, 58]
init_num: 33 spread_num: 84 S:[13, 0, 23, 18, 86, 144, 108, 24, 20, 65, 165, 141, 8, 27, 200, 96, 35, 159, 85, 136, 172, 145, 81, 161, 9, 150, 54, 123, 179, 60, 68, 58, 7]
init_num: 34 spread_num: 94 S:[13, 0, 23, 18, 86, 144, 108, 24, 20, 65, 165, 141, 8, 27, 200, 96, 35, 159, 85, 136, 172, 145, 81, 161, 9, 150, 54, 123, 179, 60, 68, 58, 7, 5]
init_num: 35 spread_num: 86 S:[13, 0, 23, 18, 86, 144, 108, 24, 20, 65, 165, 141, 8, 27, 200, 96, 35, 159, 85, 136, 172, 145, 81, 161, 9, 150, 54, 123, 179, 60, 68, 58, 7, 5, 28]
init_num: 36 spread_num: 91 S:[13, 0, 23, 18, 86, 144, 108, 24, 20, 65, 165, 141, 8, 27, 200, 96, 35, 159, 85, 136, 172, 145, 81, 161, 9, 150, 54, 123, 179, 60, 68, 58, 7, 5, 28, 78]
init_num: 37 spread_num: 93 S:[13, 0, 23, 18, 86, 144, 108, 24, 20, 65, 165, 141, 8, 27, 200, 96, 35, 159, 85, 136, 172, 145, 81, 161, 9, 150, 54, 123, 179, 60, 68, 58, 7, 5, 28, 78, 139]
init_num: 38 spread_num: 89 S:[13, 0, 23, 18, 86, 144, 108, 24, 20, 65, 165, 141, 8, 27, 200, 96, 35, 159, 85, 136, 172, 145, 81, 161, 9, 150, 54, 123, 179, 60, 68, 58, 7, 5, 28, 78, 139, 185]
init_num: 39 spread_num: 90 S:[13, 0, 23, 18, 86, 144, 108, 24, 20, 65, 165, 141, 8, 27, 200, 96, 35, 159, 85, 136, 172, 145, 81, 161, 9, 150, 54, 123, 179, 60, 68, 58, 7, 5, 28, 78, 139, 185, 107]
init_num: 40 spread_num: 91 S:[13, 0, 23, 18, 86, 144, 108, 24, 20, 65, 165, 141, 8, 27, 200, 96, 35, 159, 85, 136, 172, 145, 81, 161, 9, 150, 54, 123, 179, 60, 68, 58, 7, 5, 28, 78, 139, 185, 107, 122]
init_num: 41 spread_num: 91 S:[13, 0, 23, 18, 86, 144, 108, 24, 20, 65, 165, 141, 8, 27, 200, 96, 35, 159, 85, 136, 172, 145, 81, 161, 9, 150, 54, 123, 179, 60, 68, 58, 7, 5, 28, 78, 139, 185, 107, 122, 147]
init_num: 42 spread_num: 96 S:[13, 0, 23, 18, 86, 144, 108, 24, 20, 65, 165, 141, 8, 27, 200, 96, 35, 159, 85, 136, 172, 145, 81, 161, 9, 150, 54, 123, 179, 60, 68, 58, 7, 5, 28, 78, 139, 185, 107, 122, 147, 189]
init_num: 43 spread_num: 99 S:[13, 0, 23, 18, 86, 144, 108, 24, 20, 65, 165, 141, 8, 27, 200, 96, 35, 159, 85, 136, 172, 145, 81, 161, 9, 150, 54, 123, 179, 60, 68, 58, 7, 5, 28, 78, 139, 185, 107, 122, 147, 189, 194]
init_num: 44 spread_num: 98 S:[13, 0, 23, 18, 86, 144, 108, 24, 20, 65, 165, 141, 8, 27, 200, 96, 35, 159, 85, 136, 172, 145, 81, 161, 9, 150, 54, 123, 179, 60, 68, 58, 7, 5, 28, 78, 139, 185, 107, 122, 147, 189, 194, 3]
init_num: 45 spread_num: 100 S:[13, 0, 23, 18, 86, 144, 108, 24, 20, 65, 165, 141, 8, 27, 200, 96, 35, 159, 85, 136, 172, 145, 81, 161, 9, 150, 54, 123, 179, 60, 68, 58, 7, 5, 28, 78, 139, 185, 107, 122, 147, 189, 194, 3, 26]
init_num: 46 spread_num: 103 S:[13, 0, 23, 18, 86, 144, 108, 24, 20, 65, 165, 141, 8, 27, 200, 96, 35, 159, 85, 136, 172, 145, 81, 161, 9, 150, 54, 123, 179, 60, 68, 58, 7, 5, 28, 78, 139, 185, 107, 122, 147, 189, 194, 3, 26, 106]
init_num: 47 spread_num: 106 S:[13, 0, 23, 18, 86, 144, 108, 24, 20, 65, 165, 141, 8, 27, 200, 96, 35, 159, 85, 136, 172, 145, 81, 161, 9, 150, 54, 123, 179, 60, 68, 58, 7, 5, 28, 78, 139, 185, 107, 122, 147, 189, 194, 3, 26, 106, 173]
init_num: 48 spread_num: 101 S:[13, 0, 23, 18, 86, 144, 108, 24, 20, 65, 165, 141, 8, 27, 200, 96, 35, 159, 85, 136, 172, 145, 81, 161, 9, 150, 54, 123, 179, 60, 68, 58, 7, 5, 28, 78, 139, 185, 107, 122, 147, 189, 194, 3, 26, 106, 173, 119]
init_num: 49 spread_num: 100 S:[13, 0, 23, 18, 86, 144, 108, 24, 20, 65, 165, 141, 8, 27, 200, 96, 35, 159, 85, 136, 172, 145, 81, 161, 9, 150, 54, 123, 179, 60, 68, 58, 7, 5, 28, 78, 139, 185, 107, 122, 147, 189, 194, 3, 26, 106, 173, 119, 97]
init_num: 50 spread_num: 103 S:[13, 0, 23, 18, 86, 144, 108, 24, 20, 65, 165, 141, 8, 27, 200, 96, 35, 159, 85, 136, 172, 145, 81, 161, 9, 150, 54, 123, 179, 60, 68, 58, 7, 5, 28, 78, 139, 185, 107, 122, 147, 189, 194, 3, 26, 106, 173, 119, 97, 4]
init_num: 51 spread_num: 108 S:[13, 0, 23, 18, 86, 144, 108, 24, 20, 65, 165, 141, 8, 27, 200, 96, 35, 159, 85, 136, 172, 145, 81, 161, 9, 150, 54, 123, 179, 60, 68, 58, 7, 5, 28, 78, 139, 185, 107, 122, 147, 189, 194, 3, 26, 106, 173, 119, 97, 4, 193]
init_num: 52 spread_num: 110 S:[13, 0, 23, 18, 86, 144, 108, 24, 20, 65, 165, 141, 8, 27, 200, 96, 35, 159, 85, 136, 172, 145, 81, 161, 9, 150, 54, 123, 179, 60, 68, 58, 7, 5, 28, 78, 139, 185, 107, 122, 147, 189, 194, 3, 26, 106, 173, 119, 97, 4, 193, 57]
init_num: 53 spread_num: 112 S:[13, 0, 23, 18, 86, 144, 108, 24, 20, 65, 165, 141, 8, 27, 200, 96, 35, 159, 85, 136, 172, 145, 81, 161, 9, 150, 54, 123, 179, 60, 68, 58, 7, 5, 28, 78, 139, 185, 107, 122, 147, 189, 194, 3, 26, 106, 173, 119, 97, 4, 193, 57, 186]
init_num: 54 spread_num: 114 S:[13, 0, 23, 18, 86, 144, 108, 24, 20, 65, 165, 141, 8, 27, 200, 96, 35, 159, 85, 136, 172, 145, 81, 161, 9, 150, 54, 123, 179, 60, 68, 58, 7, 5, 28, 78, 139, 185, 107, 122, 147, 189, 194, 3, 26, 106, 173, 119, 97, 4, 193, 57, 186, 176]
init_num: 55 spread_num: 107 S:[13, 0, 23, 18, 86, 144, 108, 24, 20, 65, 165, 141, 8, 27, 200, 96, 35, 159, 85, 136, 172, 145, 81, 161, 9, 150, 54, 123, 179, 60, 68, 58, 7, 5, 28, 78, 139, 185, 107, 122, 147, 189, 194, 3, 26, 106, 173, 119, 97, 4, 193, 57, 186, 176, 182]
init_num: 56 spread_num: 113 S:[13, 0, 23, 18, 86, 144, 108, 24, 20, 65, 165, 141, 8, 27, 200, 96, 35, 159, 85, 136, 172, 145, 81, 161, 9, 150, 54, 123, 179, 60, 68, 58, 7, 5, 28, 78, 139, 185, 107, 122, 147, 189, 194, 3, 26, 106, 173, 119, 97, 4, 193, 57, 186, 176, 182, 59]
init_num: 57 spread_num: 115 S:[13, 0, 23, 18, 86, 144, 108, 24, 20, 65, 165, 141, 8, 27, 200, 96, 35, 159, 85, 136, 172, 145, 81, 161, 9, 150, 54, 123, 179, 60, 68, 58, 7, 5, 28, 78, 139, 185, 107, 122, 147, 189, 194, 3, 26, 106, 173, 119, 97, 4, 193, 57, 186, 176, 182, 59, 48]
init_num: 58 spread_num: 114 S:[13, 0, 23, 18, 86, 144, 108, 24, 20, 65, 165, 141, 8, 27, 200, 96, 35, 159, 85, 136, 172, 145, 81, 161, 9, 150, 54, 123, 179, 60, 68, 58, 7, 5, 28, 78, 139, 185, 107, 122, 147, 189, 194, 3, 26, 106, 173, 119, 97, 4, 193, 57, 186, 176, 182, 59, 48, 70]
init_num: 59 spread_num: 117 S:[13, 0, 23, 18, 86, 144, 108, 24, 20, 65, 165, 141, 8, 27, 200, 96, 35, 159, 85, 136, 172, 145, 81, 161, 9, 150, 54, 123, 179, 60, 68, 58, 7, 5, 28, 78, 139, 185, 107, 122, 147, 189, 194, 3, 26, 106, 173, 119, 97, 4, 193, 57, 186, 176, 182, 59, 48, 70, 49]
init_num: 60 spread_num: 118 S:[13, 0, 23, 18, 86, 144, 108, 24, 20, 65, 165, 141, 8, 27, 200, 96, 35, 159, 85, 136, 172, 145, 81, 161, 9, 150, 54, 123, 179, 60, 68, 58, 7, 5, 28, 78, 139, 185, 107, 122, 147, 189, 194, 3, 26, 106, 173, 119, 97, 4, 193, 57, 186, 176, 182, 59, 48, 70, 49, 90]
init_num: 61 spread_num: 119 S:[13, 0, 23, 18, 86, 144, 108, 24, 20, 65, 165, 141, 8, 27, 200, 96, 35, 159, 85, 136, 172, 145, 81, 161, 9, 150, 54, 123, 179, 60, 68, 58, 7, 5, 28, 78, 139, 185, 107, 122, 147, 189, 194, 3, 26, 106, 173, 119, 97, 4, 193, 57, 186, 176, 182, 59, 48, 70, 49, 90, 66]
init_num: 62 spread_num: 120 S:[13, 0, 23, 18, 86, 144, 108, 24, 20, 65, 165, 141, 8, 27, 200, 96, 35, 159, 85, 136, 172, 145, 81, 161, 9, 150, 54, 123, 179, 60, 68, 58, 7, 5, 28, 78, 139, 185, 107, 122, 147, 189, 194, 3, 26, 106, 173, 119, 97, 4, 193, 57, 186, 176, 182, 59, 48, 70, 49, 90, 66, 121]
init_num: 63 spread_num: 119 S:[13, 0, 23, 18, 86, 144, 108, 24, 20, 65, 165, 141, 8, 27, 200, 96, 35, 159, 85, 136, 172, 145, 81, 161, 9, 150, 54, 123, 179, 60, 68, 58, 7, 5, 28, 78, 139, 185, 107, 122, 147, 189, 194, 3, 26, 106, 173, 119, 97, 4, 193, 57, 186, 176, 182, 59, 48, 70, 49, 90, 66, 121, 99]
init_num: 64 spread_num: 121 S:[13, 0, 23, 18, 86, 144, 108, 24, 20, 65, 165, 141, 8, 27, 200, 96, 35, 159, 85, 136, 172, 145, 81, 161, 9, 150, 54, 123, 179, 60, 68, 58, 7, 5, 28, 78, 139, 185, 107, 122, 147, 189, 194, 3, 26, 106, 173, 119, 97, 4, 193, 57, 186, 176, 182, 59, 48, 70, 49, 90, 66, 121, 99, 183]
init_num: 65 spread_num: 127 S:[13, 0, 23, 18, 86, 144, 108, 24, 20, 65, 165, 141, 8, 27, 200, 96, 35, 159, 85, 136, 172, 145, 81, 161, 9, 150, 54, 123, 179, 60, 68, 58, 7, 5, 28, 78, 139, 185, 107, 122, 147, 189, 194, 3, 26, 106, 173, 119, 97, 4, 193, 57, 186, 176, 182, 59, 48, 70, 49, 90, 66, 121, 99, 183, 104]
init_num: 66 spread_num: 129 S:[13, 0, 23, 18, 86, 144, 108, 24, 20, 65, 165, 141, 8, 27, 200, 96, 35, 159, 85, 136, 172, 145, 81, 161, 9, 150, 54, 123, 179, 60, 68, 58, 7, 5, 28, 78, 139, 185, 107, 122, 147, 189, 194, 3, 26, 106, 173, 119, 97, 4, 193, 57, 186, 176, 182, 59, 48, 70, 49, 90, 66, 121, 99, 183, 104, 91]
init_num: 67 spread_num: 125 S:[13, 0, 23, 18, 86, 144, 108, 24, 20, 65, 165, 141, 8, 27, 200, 96, 35, 159, 85, 136, 172, 145, 81, 161, 9, 150, 54, 123, 179, 60, 68, 58, 7, 5, 28, 78, 139, 185, 107, 122, 147, 189, 194, 3, 26, 106, 173, 119, 97, 4, 193, 57, 186, 176, 182, 59, 48, 70, 49, 90, 66, 121, 99, 183, 104, 91, 79]
init_num: 68 spread_num: 123 S:[13, 0, 23, 18, 86, 144, 108, 24, 20, 65, 165, 141, 8, 27, 200, 96, 35, 159, 85, 136, 172, 145, 81, 161, 9, 150, 54, 123, 179, 60, 68, 58, 7, 5, 28, 78, 139, 185, 107, 122, 147, 189, 194, 3, 26, 106, 173, 119, 97, 4, 193, 57, 186, 176, 182, 59, 48, 70, 49, 90, 66, 121, 99, 183, 104, 91, 79, 80]
init_num: 69 spread_num: 125 S:[13, 0, 23, 18, 86, 144, 108, 24, 20, 65, 165, 141, 8, 27, 200, 96, 35, 159, 85, 136, 172, 145, 81, 161, 9, 150, 54, 123, 179, 60, 68, 58, 7, 5, 28, 78, 139, 185, 107, 122, 147, 189, 194, 3, 26, 106, 173, 119, 97, 4, 193, 57, 186, 176, 182, 59, 48, 70, 49, 90, 66, 121, 99, 183, 104, 91, 79, 80, 38]
init_num: 70 spread_num: 127 S:[13, 0, 23, 18, 86, 144, 108, 24, 20, 65, 165, 141, 8, 27, 200, 96, 35, 159, 85, 136, 172, 145, 81, 161, 9, 150, 54, 123, 179, 60, 68, 58, 7, 5, 28, 78, 139, 185, 107, 122, 147, 189, 194, 3, 26, 106, 173, 119, 97, 4, 193, 57, 186, 176, 182, 59, 48, 70, 49, 90, 66, 121, 99, 183, 104, 91, 79, 80, 38, 142]
init_num: 71 spread_num: 132 S:[13, 0, 23, 18, 86, 144, 108, 24, 20, 65, 165, 141, 8, 27, 200, 96, 35, 159, 85, 136, 172, 145, 81, 161, 9, 150, 54, 123, 179, 60, 68, 58, 7, 5, 28, 78, 139, 185, 107, 122, 147, 189, 194, 3, 26, 106, 173, 119, 97, 4, 193, 57, 186, 176, 182, 59, 48, 70, 49, 90, 66, 121, 99, 183, 104, 91, 79, 80, 38, 142, 138]
init_num: 72 spread_num: 127 S:[13, 0, 23, 18, 86, 144, 108, 24, 20, 65, 165, 141, 8, 27, 200, 96, 35, 159, 85, 136, 172, 145, 81, 161, 9, 150, 54, 123, 179, 60, 68, 58, 7, 5, 28, 78, 139, 185, 107, 122, 147, 189, 194, 3, 26, 106, 173, 119, 97, 4, 193, 57, 186, 176, 182, 59, 48, 70, 49, 90, 66, 121, 99, 183, 104, 91, 79, 80, 38, 142, 138, 42]
init_num: 73 spread_num: 131 S:[13, 0, 23, 18, 86, 144, 108, 24, 20, 65, 165, 141, 8, 27, 200, 96, 35, 159, 85, 136, 172, 145, 81, 161, 9, 150, 54, 123, 179, 60, 68, 58, 7, 5, 28, 78, 139, 185, 107, 122, 147, 189, 194, 3, 26, 106, 173, 119, 97, 4, 193, 57, 186, 176, 182, 59, 48, 70, 49, 90, 66, 121, 99, 183, 104, 91, 79, 80, 38, 142, 138, 42, 184]
init_num: 74 spread_num: 131 S:[13, 0, 23, 18, 86, 144, 108, 24, 20, 65, 165, 141, 8, 27, 200, 96, 35, 159, 85, 136, 172, 145, 81, 161, 9, 150, 54, 123, 179, 60, 68, 58, 7, 5, 28, 78, 139, 185, 107, 122, 147, 189, 194, 3, 26, 106, 173, 119, 97, 4, 193, 57, 186, 176, 182, 59, 48, 70, 49, 90, 66, 121, 99, 183, 104, 91, 79, 80, 38, 142, 138, 42, 184, 16]
init_num: 75 spread_num: 133 S:[13, 0, 23, 18, 86, 144, 108, 24, 20, 65, 165, 141, 8, 27, 200, 96, 35, 159, 85, 136, 172, 145, 81, 161, 9, 150, 54, 123, 179, 60, 68, 58, 7, 5, 28, 78, 139, 185, 107, 122, 147, 189, 194, 3, 26, 106, 173, 119, 97, 4, 193, 57, 186, 176, 182, 59, 48, 70, 49, 90, 66, 121, 99, 183, 104, 91, 79, 80, 38, 142, 138, 42, 184, 16, 103]
init_num: 76 spread_num: 131 S:[13, 0, 23, 18, 86, 144, 108, 24, 20, 65, 165, 141, 8, 27, 200, 96, 35, 159, 85, 136, 172, 145, 81, 161, 9, 150, 54, 123, 179, 60, 68, 58, 7, 5, 28, 78, 139, 185, 107, 122, 147, 189, 194, 3, 26, 106, 173, 119, 97, 4, 193, 57, 186, 176, 182, 59, 48, 70, 49, 90, 66, 121, 99, 183, 104, 91, 79, 80, 38, 142, 138, 42, 184, 16, 103, 115]
init_num: 77 spread_num: 131 S:[13, 0, 23, 18, 86, 144, 108, 24, 20, 65, 165, 141, 8, 27, 200, 96, 35, 159, 85, 136, 172, 145, 81, 161, 9, 150, 54, 123, 179, 60, 68, 58, 7, 5, 28, 78, 139, 185, 107, 122, 147, 189, 194, 3, 26, 106, 173, 119, 97, 4, 193, 57, 186, 176, 182, 59, 48, 70, 49, 90, 66, 121, 99, 183, 104, 91, 79, 80, 38, 142, 138, 42, 184, 16, 103, 115, 44]
init_num: 78 spread_num: 134 S:[13, 0, 23, 18, 86, 144, 108, 24, 20, 65, 165, 141, 8, 27, 200, 96, 35, 159, 85, 136, 172, 145, 81, 161, 9, 150, 54, 123, 179, 60, 68, 58, 7, 5, 28, 78, 139, 185, 107, 122, 147, 189, 194, 3, 26, 106, 173, 119, 97, 4, 193, 57, 186, 176, 182, 59, 48, 70, 49, 90, 66, 121, 99, 183, 104, 91, 79, 80, 38, 142, 138, 42, 184, 16, 103, 115, 44, 109]
init_num: 79 spread_num: 133 S:[13, 0, 23, 18, 86, 144, 108, 24, 20, 65, 165, 141, 8, 27, 200, 96, 35, 159, 85, 136, 172, 145, 81, 161, 9, 150, 54, 123, 179, 60, 68, 58, 7, 5, 28, 78, 139, 185, 107, 122, 147, 189, 194, 3, 26, 106, 173, 119, 97, 4, 193, 57, 186, 176, 182, 59, 48, 70, 49, 90, 66, 121, 99, 183, 104, 91, 79, 80, 38, 142, 138, 42, 184, 16, 103, 115, 44, 109, 111]
init_num: 80 spread_num: 138 S:[13, 0, 23, 18, 86, 144, 108, 24, 20, 65, 165, 141, 8, 27, 200, 96, 35, 159, 85, 136, 172, 145, 81, 161, 9, 150, 54, 123, 179, 60, 68, 58, 7, 5, 28, 78, 139, 185, 107, 122, 147, 189, 194, 3, 26, 106, 173, 119, 97, 4, 193, 57, 186, 176, 182, 59, 48, 70, 49, 90, 66, 121, 99, 183, 104, 91, 79, 80, 38, 142, 138, 42, 184, 16, 103, 115, 44, 109, 111, 135]
init_num: 81 spread_num: 139 S:[13, 0, 23, 18, 86, 144, 108, 24, 20, 65, 165, 141, 8, 27, 200, 96, 35, 159, 85, 136, 172, 145, 81, 161, 9, 150, 54, 123, 179, 60, 68, 58, 7, 5, 28, 78, 139, 185, 107, 122, 147, 189, 194, 3, 26, 106, 173, 119, 97, 4, 193, 57, 186, 176, 182, 59, 48, 70, 49, 90, 66, 121, 99, 183, 104, 91, 79, 80, 38, 142, 138, 42, 184, 16, 103, 115, 44, 109, 111, 135, 146]
init_num: 82 spread_num: 135 S:[13, 0, 23, 18, 86, 144, 108, 24, 20, 65, 165, 141, 8, 27, 200, 96, 35, 159, 85, 136, 172, 145, 81, 161, 9, 150, 54, 123, 179, 60, 68, 58, 7, 5, 28, 78, 139, 185, 107, 122, 147, 189, 194, 3, 26, 106, 173, 119, 97, 4, 193, 57, 186, 176, 182, 59, 48, 70, 49, 90, 66, 121, 99, 183, 104, 91, 79, 80, 38, 142, 138, 42, 184, 16, 103, 115, 44, 109, 111, 135, 146, 22]
init_num: 83 spread_num: 139 S:[13, 0, 23, 18, 86, 144, 108, 24, 20, 65, 165, 141, 8, 27, 200, 96, 35, 159, 85, 136, 172, 145, 81, 161, 9, 150, 54, 123, 179, 60, 68, 58, 7, 5, 28, 78, 139, 185, 107, 122, 147, 189, 194, 3, 26, 106, 173, 119, 97, 4, 193, 57, 186, 176, 182, 59, 48, 70, 49, 90, 66, 121, 99, 183, 104, 91, 79, 80, 38, 142, 138, 42, 184, 16, 103, 115, 44, 109, 111, 135, 146, 22, 61]
init_num: 84 spread_num: 138 S:[13, 0, 23, 18, 86, 144, 108, 24, 20, 65, 165, 141, 8, 27, 200, 96, 35, 159, 85, 136, 172, 145, 81, 161, 9, 150, 54, 123, 179, 60, 68, 58, 7, 5, 28, 78, 139, 185, 107, 122, 147, 189, 194, 3, 26, 106, 173, 119, 97, 4, 193, 57, 186, 176, 182, 59, 48, 70, 49, 90, 66, 121, 99, 183, 104, 91, 79, 80, 38, 142, 138, 42, 184, 16, 103, 115, 44, 109, 111, 135, 146, 22, 61, 63]
init_num: 85 spread_num: 142 S:[13, 0, 23, 18, 86, 144, 108, 24, 20, 65, 165, 141, 8, 27, 200, 96, 35, 159, 85, 136, 172, 145, 81, 161, 9, 150, 54, 123, 179, 60, 68, 58, 7, 5, 28, 78, 139, 185, 107, 122, 147, 189, 194, 3, 26, 106, 173, 119, 97, 4, 193, 57, 186, 176, 182, 59, 48, 70, 49, 90, 66, 121, 99, 183, 104, 91, 79, 80, 38, 142, 138, 42, 184, 16, 103, 115, 44, 109, 111, 135, 146, 22, 61, 63, 12]
init_num: 86 spread_num: 145 S:[13, 0, 23, 18, 86, 144, 108, 24, 20, 65, 165, 141, 8, 27, 200, 96, 35, 159, 85, 136, 172, 145, 81, 161, 9, 150, 54, 123, 179, 60, 68, 58, 7, 5, 28, 78, 139, 185, 107, 122, 147, 189, 194, 3, 26, 106, 173, 119, 97, 4, 193, 57, 186, 176, 182, 59, 48, 70, 49, 90, 66, 121, 99, 183, 104, 91, 79, 80, 38, 142, 138, 42, 184, 16, 103, 115, 44, 109, 111, 135, 146, 22, 61, 63, 12, 56]
init_num: 87 spread_num: 146 S:[13, 0, 23, 18, 86, 144, 108, 24, 20, 65, 165, 141, 8, 27, 200, 96, 35, 159, 85, 136, 172, 145, 81, 161, 9, 150, 54, 123, 179, 60, 68, 58, 7, 5, 28, 78, 139, 185, 107, 122, 147, 189, 194, 3, 26, 106, 173, 119, 97, 4, 193, 57, 186, 176, 182, 59, 48, 70, 49, 90, 66, 121, 99, 183, 104, 91, 79, 80, 38, 142, 138, 42, 184, 16, 103, 115, 44, 109, 111, 135, 146, 22, 61, 63, 12, 56, 76]
init_num: 88 spread_num: 143 S:[13, 0, 23, 18, 86, 144, 108, 24, 20, 65, 165, 141, 8, 27, 200, 96, 35, 159, 85, 136, 172, 145, 81, 161, 9, 150, 54, 123, 179, 60, 68, 58, 7, 5, 28, 78, 139, 185, 107, 122, 147, 189, 194, 3, 26, 106, 173, 119, 97, 4, 193, 57, 186, 176, 182, 59, 48, 70, 49, 90, 66, 121, 99, 183, 104, 91, 79, 80, 38, 142, 138, 42, 184, 16, 103, 115, 44, 109, 111, 135, 146, 22, 61, 63, 12, 56, 76, 130]
init_num: 89 spread_num: 146 S:[13, 0, 23, 18, 86, 144, 108, 24, 20, 65, 165, 141, 8, 27, 200, 96, 35, 159, 85, 136, 172, 145, 81, 161, 9, 150, 54, 123, 179, 60, 68, 58, 7, 5, 28, 78, 139, 185, 107, 122, 147, 189, 194, 3, 26, 106, 173, 119, 97, 4, 193, 57, 186, 176, 182, 59, 48, 70, 49, 90, 66, 121, 99, 183, 104, 91, 79, 80, 38, 142, 138, 42, 184, 16, 103, 115, 44, 109, 111, 135, 146, 22, 61, 63, 12, 56, 76, 130, 95]
init_num: 90 spread_num: 144 S:[13, 0, 23, 18, 86, 144, 108, 24, 20, 65, 165, 141, 8, 27, 200, 96, 35, 159, 85, 136, 172, 145, 81, 161, 9, 150, 54, 123, 179, 60, 68, 58, 7, 5, 28, 78, 139, 185, 107, 122, 147, 189, 194, 3, 26, 106, 173, 119, 97, 4, 193, 57, 186, 176, 182, 59, 48, 70, 49, 90, 66, 121, 99, 183, 104, 91, 79, 80, 38, 142, 138, 42, 184, 16, 103, 115, 44, 109, 111, 135, 146, 22, 61, 63, 12, 56, 76, 130, 95, 163]
init_num: 91 spread_num: 143 S:[13, 0, 23, 18, 86, 144, 108, 24, 20, 65, 165, 141, 8, 27, 200, 96, 35, 159, 85, 136, 172, 145, 81, 161, 9, 150, 54, 123, 179, 60, 68, 58, 7, 5, 28, 78, 139, 185, 107, 122, 147, 189, 194, 3, 26, 106, 173, 119, 97, 4, 193, 57, 186, 176, 182, 59, 48, 70, 49, 90, 66, 121, 99, 183, 104, 91, 79, 80, 38, 142, 138, 42, 184, 16, 103, 115, 44, 109, 111, 135, 146, 22, 61, 63, 12, 56, 76, 130, 95, 163, 89]
init_num: 92 spread_num: 149 S:[13, 0, 23, 18, 86, 144, 108, 24, 20, 65, 165, 141, 8, 27, 200, 96, 35, 159, 85, 136, 172, 145, 81, 161, 9, 150, 54, 123, 179, 60, 68, 58, 7, 5, 28, 78, 139, 185, 107, 122, 147, 189, 194, 3, 26, 106, 173, 119, 97, 4, 193, 57, 186, 176, 182, 59, 48, 70, 49, 90, 66, 121, 99, 183, 104, 91, 79, 80, 38, 142, 138, 42, 184, 16, 103, 115, 44, 109, 111, 135, 146, 22, 61, 63, 12, 56, 76, 130, 95, 163, 89, 100]
init_num: 93 spread_num: 148 S:[13, 0, 23, 18, 86, 144, 108, 24, 20, 65, 165, 141, 8, 27, 200, 96, 35, 159, 85, 136, 172, 145, 81, 161, 9, 150, 54, 123, 179, 60, 68, 58, 7, 5, 28, 78, 139, 185, 107, 122, 147, 189, 194, 3, 26, 106, 173, 119, 97, 4, 193, 57, 186, 176, 182, 59, 48, 70, 49, 90, 66, 121, 99, 183, 104, 91, 79, 80, 38, 142, 138, 42, 184, 16, 103, 115, 44, 109, 111, 135, 146, 22, 61, 63, 12, 56, 76, 130, 95, 163, 89, 100, 199]
init_num: 94 spread_num: 151 S:[13, 0, 23, 18, 86, 144, 108, 24, 20, 65, 165, 141, 8, 27, 200, 96, 35, 159, 85, 136, 172, 145, 81, 161, 9, 150, 54, 123, 179, 60, 68, 58, 7, 5, 28, 78, 139, 185, 107, 122, 147, 189, 194, 3, 26, 106, 173, 119, 97, 4, 193, 57, 186, 176, 182, 59, 48, 70, 49, 90, 66, 121, 99, 183, 104, 91, 79, 80, 38, 142, 138, 42, 184, 16, 103, 115, 44, 109, 111, 135, 146, 22, 61, 63, 12, 56, 76, 130, 95, 163, 89, 100, 199, 25]
init_num: 95 spread_num: 149 S:[13, 0, 23, 18, 86, 144, 108, 24, 20, 65, 165, 141, 8, 27, 200, 96, 35, 159, 85, 136, 172, 145, 81, 161, 9, 150, 54, 123, 179, 60, 68, 58, 7, 5, 28, 78, 139, 185, 107, 122, 147, 189, 194, 3, 26, 106, 173, 119, 97, 4, 193, 57, 186, 176, 182, 59, 48, 70, 49, 90, 66, 121, 99, 183, 104, 91, 79, 80, 38, 142, 138, 42, 184, 16, 103, 115, 44, 109, 111, 135, 146, 22, 61, 63, 12, 56, 76, 130, 95, 163, 89, 100, 199, 25, 156]
init_num: 96 spread_num: 148 S:[13, 0, 23, 18, 86, 144, 108, 24, 20, 65, 165, 141, 8, 27, 200, 96, 35, 159, 85, 136, 172, 145, 81, 161, 9, 150, 54, 123, 179, 60, 68, 58, 7, 5, 28, 78, 139, 185, 107, 122, 147, 189, 194, 3, 26, 106, 173, 119, 97, 4, 193, 57, 186, 176, 182, 59, 48, 70, 49, 90, 66, 121, 99, 183, 104, 91, 79, 80, 38, 142, 138, 42, 184, 16, 103, 115, 44, 109, 111, 135, 146, 22, 61, 63, 12, 56, 76, 130, 95, 163, 89, 100, 199, 25, 156, 29]
init_num: 97 spread_num: 147 S:[13, 0, 23, 18, 86, 144, 108, 24, 20, 65, 165, 141, 8, 27, 200, 96, 35, 159, 85, 136, 172, 145, 81, 161, 9, 150, 54, 123, 179, 60, 68, 58, 7, 5, 28, 78, 139, 185, 107, 122, 147, 189, 194, 3, 26, 106, 173, 119, 97, 4, 193, 57, 186, 176, 182, 59, 48, 70, 49, 90, 66, 121, 99, 183, 104, 91, 79, 80, 38, 142, 138, 42, 184, 16, 103, 115, 44, 109, 111, 135, 146, 22, 61, 63, 12, 56, 76, 130, 95, 163, 89, 100, 199, 25, 156, 29, 167]
init_num: 98 spread_num: 157 S:[13, 0, 23, 18, 86, 144, 108, 24, 20, 65, 165, 141, 8, 27, 200, 96, 35, 159, 85, 136, 172, 145, 81, 161, 9, 150, 54, 123, 179, 60, 68, 58, 7, 5, 28, 78, 139, 185, 107, 122, 147, 189, 194, 3, 26, 106, 173, 119, 97, 4, 193, 57, 186, 176, 182, 59, 48, 70, 49, 90, 66, 121, 99, 183, 104, 91, 79, 80, 38, 142, 138, 42, 184, 16, 103, 115, 44, 109, 111, 135, 146, 22, 61, 63, 12, 56, 76, 130, 95, 163, 89, 100, 199, 25, 156, 29, 167, 73]
init_num: 99 spread_num: 151 S:[13, 0, 23, 18, 86, 144, 108, 24, 20, 65, 165, 141, 8, 27, 200, 96, 35, 159, 85, 136, 172, 145, 81, 161, 9, 150, 54, 123, 179, 60, 68, 58, 7, 5, 28, 78, 139, 185, 107, 122, 147, 189, 194, 3, 26, 106, 173, 119, 97, 4, 193, 57, 186, 176, 182, 59, 48, 70, 49, 90, 66, 121, 99, 183, 104, 91, 79, 80, 38, 142, 138, 42, 184, 16, 103, 115, 44, 109, 111, 135, 146, 22, 61, 63, 12, 56, 76, 130, 95, 163, 89, 100, 199, 25, 156, 29, 167, 73, 180]
init_num: 100 spread_num: 154 S:[13, 0, 23, 18, 86, 144, 108, 24, 20, 65, 165, 141, 8, 27, 200, 96, 35, 159, 85, 136, 172, 145, 81, 161, 9, 150, 54, 123, 179, 60, 68, 58, 7, 5, 28, 78, 139, 185, 107, 122, 147, 189, 194, 3, 26, 106, 173, 119, 97, 4, 193, 57, 186, 176, 182, 59, 48, 70, 49, 90, 66, 121, 99, 183, 104, 91, 79, 80, 38, 142, 138, 42, 184, 16, 103, 115, 44, 109, 111, 135, 146, 22, 61, 63, 12, 56, 76, 130, 95, 163, 89, 100, 199, 25, 156, 29, 167, 73, 180, 177]
init_num: 101 spread_num: 150 S:[13, 0, 23, 18, 86, 144, 108, 24, 20, 65, 165, 141, 8, 27, 200, 96, 35, 159, 85, 136, 172, 145, 81, 161, 9, 150, 54, 123, 179, 60, 68, 58, 7, 5, 28, 78, 139, 185, 107, 122, 147, 189, 194, 3, 26, 106, 173, 119, 97, 4, 193, 57, 186, 176, 182, 59, 48, 70, 49, 90, 66, 121, 99, 183, 104, 91, 79, 80, 38, 142, 138, 42, 184, 16, 103, 115, 44, 109, 111, 135, 146, 22, 61, 63, 12, 56, 76, 130, 95, 163, 89, 100, 199, 25, 156, 29, 167, 73, 180, 177, 125]
init_num: 102 spread_num: 152 S:[13, 0, 23, 18, 86, 144, 108, 24, 20, 65, 165, 141, 8, 27, 200, 96, 35, 159, 85, 136, 172, 145, 81, 161, 9, 150, 54, 123, 179, 60, 68, 58, 7, 5, 28, 78, 139, 185, 107, 122, 147, 189, 194, 3, 26, 106, 173, 119, 97, 4, 193, 57, 186, 176, 182, 59, 48, 70, 49, 90, 66, 121, 99, 183, 104, 91, 79, 80, 38, 142, 138, 42, 184, 16, 103, 115, 44, 109, 111, 135, 146, 22, 61, 63, 12, 56, 76, 130, 95, 163, 89, 100, 199, 25, 156, 29, 167, 73, 180, 177, 125, 151]
init_num: 103 spread_num: 154 S:[13, 0, 23, 18, 86, 144, 108, 24, 20, 65, 165, 141, 8, 27, 200, 96, 35, 159, 85, 136, 172, 145, 81, 161, 9, 150, 54, 123, 179, 60, 68, 58, 7, 5, 28, 78, 139, 185, 107, 122, 147, 189, 194, 3, 26, 106, 173, 119, 97, 4, 193, 57, 186, 176, 182, 59, 48, 70, 49, 90, 66, 121, 99, 183, 104, 91, 79, 80, 38, 142, 138, 42, 184, 16, 103, 115, 44, 109, 111, 135, 146, 22, 61, 63, 12, 56, 76, 130, 95, 163, 89, 100, 199, 25, 156, 29, 167, 73, 180, 177, 125, 151, 129]
init_num: 104 spread_num: 153 S:[13, 0, 23, 18, 86, 144, 108, 24, 20, 65, 165, 141, 8, 27, 200, 96, 35, 159, 85, 136, 172, 145, 81, 161, 9, 150, 54, 123, 179, 60, 68, 58, 7, 5, 28, 78, 139, 185, 107, 122, 147, 189, 194, 3, 26, 106, 173, 119, 97, 4, 193, 57, 186, 176, 182, 59, 48, 70, 49, 90, 66, 121, 99, 183, 104, 91, 79, 80, 38, 142, 138, 42, 184, 16, 103, 115, 44, 109, 111, 135, 146, 22, 61, 63, 12, 56, 76, 130, 95, 163, 89, 100, 199, 25, 156, 29, 167, 73, 180, 177, 125, 151, 129, 32]
init_num: 105 spread_num: 158 S:[13, 0, 23, 18, 86, 144, 108, 24, 20, 65, 165, 141, 8, 27, 200, 96, 35, 159, 85, 136, 172, 145, 81, 161, 9, 150, 54, 123, 179, 60, 68, 58, 7, 5, 28, 78, 139, 185, 107, 122, 147, 189, 194, 3, 26, 106, 173, 119, 97, 4, 193, 57, 186, 176, 182, 59, 48, 70, 49, 90, 66, 121, 99, 183, 104, 91, 79, 80, 38, 142, 138, 42, 184, 16, 103, 115, 44, 109, 111, 135, 146, 22, 61, 63, 12, 56, 76, 130, 95, 163, 89, 100, 199, 25, 156, 29, 167, 73, 180, 177, 125, 151, 129, 32, 53]
init_num: 106 spread_num: 156 S:[13, 0, 23, 18, 86, 144, 108, 24, 20, 65, 165, 141, 8, 27, 200, 96, 35, 159, 85, 136, 172, 145, 81, 161, 9, 150, 54, 123, 179, 60, 68, 58, 7, 5, 28, 78, 139, 185, 107, 122, 147, 189, 194, 3, 26, 106, 173, 119, 97, 4, 193, 57, 186, 176, 182, 59, 48, 70, 49, 90, 66, 121, 99, 183, 104, 91, 79, 80, 38, 142, 138, 42, 184, 16, 103, 115, 44, 109, 111, 135, 146, 22, 61, 63, 12, 56, 76, 130, 95, 163, 89, 100, 199, 25, 156, 29, 167, 73, 180, 177, 125, 151, 129, 32, 53, 15]
init_num: 107 spread_num: 157 S:[13, 0, 23, 18, 86, 144, 108, 24, 20, 65, 165, 141, 8, 27, 200, 96, 35, 159, 85, 136, 172, 145, 81, 161, 9, 150, 54, 123, 179, 60, 68, 58, 7, 5, 28, 78, 139, 185, 107, 122, 147, 189, 194, 3, 26, 106, 173, 119, 97, 4, 193, 57, 186, 176, 182, 59, 48, 70, 49, 90, 66, 121, 99, 183, 104, 91, 79, 80, 38, 142, 138, 42, 184, 16, 103, 115, 44, 109, 111, 135, 146, 22, 61, 63, 12, 56, 76, 130, 95, 163, 89, 100, 199, 25, 156, 29, 167, 73, 180, 177, 125, 151, 129, 32, 53, 15, 162]
init_num: 108 spread_num: 157 S:[13, 0, 23, 18, 86, 144, 108, 24, 20, 65, 165, 141, 8, 27, 200, 96, 35, 159, 85, 136, 172, 145, 81, 161, 9, 150, 54, 123, 179, 60, 68, 58, 7, 5, 28, 78, 139, 185, 107, 122, 147, 189, 194, 3, 26, 106, 173, 119, 97, 4, 193, 57, 186, 176, 182, 59, 48, 70, 49, 90, 66, 121, 99, 183, 104, 91, 79, 80, 38, 142, 138, 42, 184, 16, 103, 115, 44, 109, 111, 135, 146, 22, 61, 63, 12, 56, 76, 130, 95, 163, 89, 100, 199, 25, 156, 29, 167, 73, 180, 177, 125, 151, 129, 32, 53, 15, 162, 1]
init_num: 109 spread_num: 160 S:[13, 0, 23, 18, 86, 144, 108, 24, 20, 65, 165, 141, 8, 27, 200, 96, 35, 159, 85, 136, 172, 145, 81, 161, 9, 150, 54, 123, 179, 60, 68, 58, 7, 5, 28, 78, 139, 185, 107, 122, 147, 189, 194, 3, 26, 106, 173, 119, 97, 4, 193, 57, 186, 176, 182, 59, 48, 70, 49, 90, 66, 121, 99, 183, 104, 91, 79, 80, 38, 142, 138, 42, 184, 16, 103, 115, 44, 109, 111, 135, 146, 22, 61, 63, 12, 56, 76, 130, 95, 163, 89, 100, 199, 25, 156, 29, 167, 73, 180, 177, 125, 151, 129, 32, 53, 15, 162, 1, 93]
init_num: 110 spread_num: 159 S:[13, 0, 23, 18, 86, 144, 108, 24, 20, 65, 165, 141, 8, 27, 200, 96, 35, 159, 85, 136, 172, 145, 81, 161, 9, 150, 54, 123, 179, 60, 68, 58, 7, 5, 28, 78, 139, 185, 107, 122, 147, 189, 194, 3, 26, 106, 173, 119, 97, 4, 193, 57, 186, 176, 182, 59, 48, 70, 49, 90, 66, 121, 99, 183, 104, 91, 79, 80, 38, 142, 138, 42, 184, 16, 103, 115, 44, 109, 111, 135, 146, 22, 61, 63, 12, 56, 76, 130, 95, 163, 89, 100, 199, 25, 156, 29, 167, 73, 180, 177, 125, 151, 129, 32, 53, 15, 162, 1, 93, 46]
init_num: 111 spread_num: 159 S:[13, 0, 23, 18, 86, 144, 108, 24, 20, 65, 165, 141, 8, 27, 200, 96, 35, 159, 85, 136, 172, 145, 81, 161, 9, 150, 54, 123, 179, 60, 68, 58, 7, 5, 28, 78, 139, 185, 107, 122, 147, 189, 194, 3, 26, 106, 173, 119, 97, 4, 193, 57, 186, 176, 182, 59, 48, 70, 49, 90, 66, 121, 99, 183, 104, 91, 79, 80, 38, 142, 138, 42, 184, 16, 103, 115, 44, 109, 111, 135, 146, 22, 61, 63, 12, 56, 76, 130, 95, 163, 89, 100, 199, 25, 156, 29, 167, 73, 180, 177, 125, 151, 129, 32, 53, 15, 162, 1, 93, 46, 69]
init_num: 112 spread_num: 161 S:[13, 0, 23, 18, 86, 144, 108, 24, 20, 65, 165, 141, 8, 27, 200, 96, 35, 159, 85, 136, 172, 145, 81, 161, 9, 150, 54, 123, 179, 60, 68, 58, 7, 5, 28, 78, 139, 185, 107, 122, 147, 189, 194, 3, 26, 106, 173, 119, 97, 4, 193, 57, 186, 176, 182, 59, 48, 70, 49, 90, 66, 121, 99, 183, 104, 91, 79, 80, 38, 142, 138, 42, 184, 16, 103, 115, 44, 109, 111, 135, 146, 22, 61, 63, 12, 56, 76, 130, 95, 163, 89, 100, 199, 25, 156, 29, 167, 73, 180, 177, 125, 151, 129, 32, 53, 15, 162, 1, 93, 46, 69, 160]
init_num: 113 spread_num: 161 S:[13, 0, 23, 18, 86, 144, 108, 24, 20, 65, 165, 141, 8, 27, 200, 96, 35, 159, 85, 136, 172, 145, 81, 161, 9, 150, 54, 123, 179, 60, 68, 58, 7, 5, 28, 78, 139, 185, 107, 122, 147, 189, 194, 3, 26, 106, 173, 119, 97, 4, 193, 57, 186, 176, 182, 59, 48, 70, 49, 90, 66, 121, 99, 183, 104, 91, 79, 80, 38, 142, 138, 42, 184, 16, 103, 115, 44, 109, 111, 135, 146, 22, 61, 63, 12, 56, 76, 130, 95, 163, 89, 100, 199, 25, 156, 29, 167, 73, 180, 177, 125, 151, 129, 32, 53, 15, 162, 1, 93, 46, 69, 160, 132]
init_num: 114 spread_num: 162 S:[13, 0, 23, 18, 86, 144, 108, 24, 20, 65, 165, 141, 8, 27, 200, 96, 35, 159, 85, 136, 172, 145, 81, 161, 9, 150, 54, 123, 179, 60, 68, 58, 7, 5, 28, 78, 139, 185, 107, 122, 147, 189, 194, 3, 26, 106, 173, 119, 97, 4, 193, 57, 186, 176, 182, 59, 48, 70, 49, 90, 66, 121, 99, 183, 104, 91, 79, 80, 38, 142, 138, 42, 184, 16, 103, 115, 44, 109, 111, 135, 146, 22, 61, 63, 12, 56, 76, 130, 95, 163, 89, 100, 199, 25, 156, 29, 167, 73, 180, 177, 125, 151, 129, 32, 53, 15, 162, 1, 93, 46, 69, 160, 132, 190]
init_num: 115 spread_num: 164 S:[13, 0, 23, 18, 86, 144, 108, 24, 20, 65, 165, 141, 8, 27, 200, 96, 35, 159, 85, 136, 172, 145, 81, 161, 9, 150, 54, 123, 179, 60, 68, 58, 7, 5, 28, 78, 139, 185, 107, 122, 147, 189, 194, 3, 26, 106, 173, 119, 97, 4, 193, 57, 186, 176, 182, 59, 48, 70, 49, 90, 66, 121, 99, 183, 104, 91, 79, 80, 38, 142, 138, 42, 184, 16, 103, 115, 44, 109, 111, 135, 146, 22, 61, 63, 12, 56, 76, 130, 95, 163, 89, 100, 199, 25, 156, 29, 167, 73, 180, 177, 125, 151, 129, 32, 53, 15, 162, 1, 93, 46, 69, 160, 132, 190, 62]
init_num: 116 spread_num: 163 S:[13, 0, 23, 18, 86, 144, 108, 24, 20, 65, 165, 141, 8, 27, 200, 96, 35, 159, 85, 136, 172, 145, 81, 161, 9, 150, 54, 123, 179, 60, 68, 58, 7, 5, 28, 78, 139, 185, 107, 122, 147, 189, 194, 3, 26, 106, 173, 119, 97, 4, 193, 57, 186, 176, 182, 59, 48, 70, 49, 90, 66, 121, 99, 183, 104, 91, 79, 80, 38, 142, 138, 42, 184, 16, 103, 115, 44, 109, 111, 135, 146, 22, 61, 63, 12, 56, 76, 130, 95, 163, 89, 100, 199, 25, 156, 29, 167, 73, 180, 177, 125, 151, 129, 32, 53, 15, 162, 1, 93, 46, 69, 160, 132, 190, 62, 126]
init_num: 117 spread_num: 163 S:[13, 0, 23, 18, 86, 144, 108, 24, 20, 65, 165, 141, 8, 27, 200, 96, 35, 159, 85, 136, 172, 145, 81, 161, 9, 150, 54, 123, 179, 60, 68, 58, 7, 5, 28, 78, 139, 185, 107, 122, 147, 189, 194, 3, 26, 106, 173, 119, 97, 4, 193, 57, 186, 176, 182, 59, 48, 70, 49, 90, 66, 121, 99, 183, 104, 91, 79, 80, 38, 142, 138, 42, 184, 16, 103, 115, 44, 109, 111, 135, 146, 22, 61, 63, 12, 56, 76, 130, 95, 163, 89, 100, 199, 25, 156, 29, 167, 73, 180, 177, 125, 151, 129, 32, 53, 15, 162, 1, 93, 46, 69, 160, 132, 190, 62, 126, 148]
init_num: 118 spread_num: 164 S:[13, 0, 23, 18, 86, 144, 108, 24, 20, 65, 165, 141, 8, 27, 200, 96, 35, 159, 85, 136, 172, 145, 81, 161, 9, 150, 54, 123, 179, 60, 68, 58, 7, 5, 28, 78, 139, 185, 107, 122, 147, 189, 194, 3, 26, 106, 173, 119, 97, 4, 193, 57, 186, 176, 182, 59, 48, 70, 49, 90, 66, 121, 99, 183, 104, 91, 79, 80, 38, 142, 138, 42, 184, 16, 103, 115, 44, 109, 111, 135, 146, 22, 61, 63, 12, 56, 76, 130, 95, 163, 89, 100, 199, 25, 156, 29, 167, 73, 180, 177, 125, 151, 129, 32, 53, 15, 162, 1, 93, 46, 69, 160, 132, 190, 62, 126, 148, 67]
init_num: 119 spread_num: 164 S:[13, 0, 23, 18, 86, 144, 108, 24, 20, 65, 165, 141, 8, 27, 200, 96, 35, 159, 85, 136, 172, 145, 81, 161, 9, 150, 54, 123, 179, 60, 68, 58, 7, 5, 28, 78, 139, 185, 107, 122, 147, 189, 194, 3, 26, 106, 173, 119, 97, 4, 193, 57, 186, 176, 182, 59, 48, 70, 49, 90, 66, 121, 99, 183, 104, 91, 79, 80, 38, 142, 138, 42, 184, 16, 103, 115, 44, 109, 111, 135, 146, 22, 61, 63, 12, 56, 76, 130, 95, 163, 89, 100, 199, 25, 156, 29, 167, 73, 180, 177, 125, 151, 129, 32, 53, 15, 162, 1, 93, 46, 69, 160, 132, 190, 62, 126, 148, 67, 101]
init_num: 120 spread_num: 165 S:[13, 0, 23, 18, 86, 144, 108, 24, 20, 65, 165, 141, 8, 27, 200, 96, 35, 159, 85, 136, 172, 145, 81, 161, 9, 150, 54, 123, 179, 60, 68, 58, 7, 5, 28, 78, 139, 185, 107, 122, 147, 189, 194, 3, 26, 106, 173, 119, 97, 4, 193, 57, 186, 176, 182, 59, 48, 70, 49, 90, 66, 121, 99, 183, 104, 91, 79, 80, 38, 142, 138, 42, 184, 16, 103, 115, 44, 109, 111, 135, 146, 22, 61, 63, 12, 56, 76, 130, 95, 163, 89, 100, 199, 25, 156, 29, 167, 73, 180, 177, 125, 151, 129, 32, 53, 15, 162, 1, 93, 46, 69, 160, 132, 190, 62, 126, 148, 67, 101, 55]
init_num: 121 spread_num: 167 S:[13, 0, 23, 18, 86, 144, 108, 24, 20, 65, 165, 141, 8, 27, 200, 96, 35, 159, 85, 136, 172, 145, 81, 161, 9, 150, 54, 123, 179, 60, 68, 58, 7, 5, 28, 78, 139, 185, 107, 122, 147, 189, 194, 3, 26, 106, 173, 119, 97, 4, 193, 57, 186, 176, 182, 59, 48, 70, 49, 90, 66, 121, 99, 183, 104, 91, 79, 80, 38, 142, 138, 42, 184, 16, 103, 115, 44, 109, 111, 135, 146, 22, 61, 63, 12, 56, 76, 130, 95, 163, 89, 100, 199, 25, 156, 29, 167, 73, 180, 177, 125, 151, 129, 32, 53, 15, 162, 1, 93, 46, 69, 160, 132, 190, 62, 126, 148, 67, 101, 55, 14]
init_num: 122 spread_num: 169 S:[13, 0, 23, 18, 86, 144, 108, 24, 20, 65, 165, 141, 8, 27, 200, 96, 35, 159, 85, 136, 172, 145, 81, 161, 9, 150, 54, 123, 179, 60, 68, 58, 7, 5, 28, 78, 139, 185, 107, 122, 147, 189, 194, 3, 26, 106, 173, 119, 97, 4, 193, 57, 186, 176, 182, 59, 48, 70, 49, 90, 66, 121, 99, 183, 104, 91, 79, 80, 38, 142, 138, 42, 184, 16, 103, 115, 44, 109, 111, 135, 146, 22, 61, 63, 12, 56, 76, 130, 95, 163, 89, 100, 199, 25, 156, 29, 167, 73, 180, 177, 125, 151, 129, 32, 53, 15, 162, 1, 93, 46, 69, 160, 132, 190, 62, 126, 148, 67, 101, 55, 14, 134]
init_num: 123 spread_num: 168 S:[13, 0, 23, 18, 86, 144, 108, 24, 20, 65, 165, 141, 8, 27, 200, 96, 35, 159, 85, 136, 172, 145, 81, 161, 9, 150, 54, 123, 179, 60, 68, 58, 7, 5, 28, 78, 139, 185, 107, 122, 147, 189, 194, 3, 26, 106, 173, 119, 97, 4, 193, 57, 186, 176, 182, 59, 48, 70, 49, 90, 66, 121, 99, 183, 104, 91, 79, 80, 38, 142, 138, 42, 184, 16, 103, 115, 44, 109, 111, 135, 146, 22, 61, 63, 12, 56, 76, 130, 95, 163, 89, 100, 199, 25, 156, 29, 167, 73, 180, 177, 125, 151, 129, 32, 53, 15, 162, 1, 93, 46, 69, 160, 132, 190, 62, 126, 148, 67, 101, 55, 14, 134, 143]
init_num: 124 spread_num: 170 S:[13, 0, 23, 18, 86, 144, 108, 24, 20, 65, 165, 141, 8, 27, 200, 96, 35, 159, 85, 136, 172, 145, 81, 161, 9, 150, 54, 123, 179, 60, 68, 58, 7, 5, 28, 78, 139, 185, 107, 122, 147, 189, 194, 3, 26, 106, 173, 119, 97, 4, 193, 57, 186, 176, 182, 59, 48, 70, 49, 90, 66, 121, 99, 183, 104, 91, 79, 80, 38, 142, 138, 42, 184, 16, 103, 115, 44, 109, 111, 135, 146, 22, 61, 63, 12, 56, 76, 130, 95, 163, 89, 100, 199, 25, 156, 29, 167, 73, 180, 177, 125, 151, 129, 32, 53, 15, 162, 1, 93, 46, 69, 160, 132, 190, 62, 126, 148, 67, 101, 55, 14, 134, 143, 154]
init_num: 125 spread_num: 168 S:[13, 0, 23, 18, 86, 144, 108, 24, 20, 65, 165, 141, 8, 27, 200, 96, 35, 159, 85, 136, 172, 145, 81, 161, 9, 150, 54, 123, 179, 60, 68, 58, 7, 5, 28, 78, 139, 185, 107, 122, 147, 189, 194, 3, 26, 106, 173, 119, 97, 4, 193, 57, 186, 176, 182, 59, 48, 70, 49, 90, 66, 121, 99, 183, 104, 91, 79, 80, 38, 142, 138, 42, 184, 16, 103, 115, 44, 109, 111, 135, 146, 22, 61, 63, 12, 56, 76, 130, 95, 163, 89, 100, 199, 25, 156, 29, 167, 73, 180, 177, 125, 151, 129, 32, 53, 15, 162, 1, 93, 46, 69, 160, 132, 190, 62, 126, 148, 67, 101, 55, 14, 134, 143, 154, 140]
init_num: 126 spread_num: 168 S:[13, 0, 23, 18, 86, 144, 108, 24, 20, 65, 165, 141, 8, 27, 200, 96, 35, 159, 85, 136, 172, 145, 81, 161, 9, 150, 54, 123, 179, 60, 68, 58, 7, 5, 28, 78, 139, 185, 107, 122, 147, 189, 194, 3, 26, 106, 173, 119, 97, 4, 193, 57, 186, 176, 182, 59, 48, 70, 49, 90, 66, 121, 99, 183, 104, 91, 79, 80, 38, 142, 138, 42, 184, 16, 103, 115, 44, 109, 111, 135, 146, 22, 61, 63, 12, 56, 76, 130, 95, 163, 89, 100, 199, 25, 156, 29, 167, 73, 180, 177, 125, 151, 129, 32, 53, 15, 162, 1, 93, 46, 69, 160, 132, 190, 62, 126, 148, 67, 101, 55, 14, 134, 143, 154, 140, 82]
init_num: 127 spread_num: 171 S:[13, 0, 23, 18, 86, 144, 108, 24, 20, 65, 165, 141, 8, 27, 200, 96, 35, 159, 85, 136, 172, 145, 81, 161, 9, 150, 54, 123, 179, 60, 68, 58, 7, 5, 28, 78, 139, 185, 107, 122, 147, 189, 194, 3, 26, 106, 173, 119, 97, 4, 193, 57, 186, 176, 182, 59, 48, 70, 49, 90, 66, 121, 99, 183, 104, 91, 79, 80, 38, 142, 138, 42, 184, 16, 103, 115, 44, 109, 111, 135, 146, 22, 61, 63, 12, 56, 76, 130, 95, 163, 89, 100, 199, 25, 156, 29, 167, 73, 180, 177, 125, 151, 129, 32, 53, 15, 162, 1, 93, 46, 69, 160, 132, 190, 62, 126, 148, 67, 101, 55, 14, 134, 143, 154, 140, 82, 196]
init_num: 128 spread_num: 172 S:[13, 0, 23, 18, 86, 144, 108, 24, 20, 65, 165, 141, 8, 27, 200, 96, 35, 159, 85, 136, 172, 145, 81, 161, 9, 150, 54, 123, 179, 60, 68, 58, 7, 5, 28, 78, 139, 185, 107, 122, 147, 189, 194, 3, 26, 106, 173, 119, 97, 4, 193, 57, 186, 176, 182, 59, 48, 70, 49, 90, 66, 121, 99, 183, 104, 91, 79, 80, 38, 142, 138, 42, 184, 16, 103, 115, 44, 109, 111, 135, 146, 22, 61, 63, 12, 56, 76, 130, 95, 163, 89, 100, 199, 25, 156, 29, 167, 73, 180, 177, 125, 151, 129, 32, 53, 15, 162, 1, 93, 46, 69, 160, 132, 190, 62, 126, 148, 67, 101, 55, 14, 134, 143, 154, 140, 82, 196, 120]
init_num: 129 spread_num: 172 S:[13, 0, 23, 18, 86, 144, 108, 24, 20, 65, 165, 141, 8, 27, 200, 96, 35, 159, 85, 136, 172, 145, 81, 161, 9, 150, 54, 123, 179, 60, 68, 58, 7, 5, 28, 78, 139, 185, 107, 122, 147, 189, 194, 3, 26, 106, 173, 119, 97, 4, 193, 57, 186, 176, 182, 59, 48, 70, 49, 90, 66, 121, 99, 183, 104, 91, 79, 80, 38, 142, 138, 42, 184, 16, 103, 115, 44, 109, 111, 135, 146, 22, 61, 63, 12, 56, 76, 130, 95, 163, 89, 100, 199, 25, 156, 29, 167, 73, 180, 177, 125, 151, 129, 32, 53, 15, 162, 1, 93, 46, 69, 160, 132, 190, 62, 126, 148, 67, 101, 55, 14, 134, 143, 154, 140, 82, 196, 120, 2]
init_num: 130 spread_num: 173 S:[13, 0, 23, 18, 86, 144, 108, 24, 20, 65, 165, 141, 8, 27, 200, 96, 35, 159, 85, 136, 172, 145, 81, 161, 9, 150, 54, 123, 179, 60, 68, 58, 7, 5, 28, 78, 139, 185, 107, 122, 147, 189, 194, 3, 26, 106, 173, 119, 97, 4, 193, 57, 186, 176, 182, 59, 48, 70, 49, 90, 66, 121, 99, 183, 104, 91, 79, 80, 38, 142, 138, 42, 184, 16, 103, 115, 44, 109, 111, 135, 146, 22, 61, 63, 12, 56, 76, 130, 95, 163, 89, 100, 199, 25, 156, 29, 167, 73, 180, 177, 125, 151, 129, 32, 53, 15, 162, 1, 93, 46, 69, 160, 132, 190, 62, 126, 148, 67, 101, 55, 14, 134, 143, 154, 140, 82, 196, 120, 2, 34]
init_num: 131 spread_num: 171 S:[13, 0, 23, 18, 86, 144, 108, 24, 20, 65, 165, 141, 8, 27, 200, 96, 35, 159, 85, 136, 172, 145, 81, 161, 9, 150, 54, 123, 179, 60, 68, 58, 7, 5, 28, 78, 139, 185, 107, 122, 147, 189, 194, 3, 26, 106, 173, 119, 97, 4, 193, 57, 186, 176, 182, 59, 48, 70, 49, 90, 66, 121, 99, 183, 104, 91, 79, 80, 38, 142, 138, 42, 184, 16, 103, 115, 44, 109, 111, 135, 146, 22, 61, 63, 12, 56, 76, 130, 95, 163, 89, 100, 199, 25, 156, 29, 167, 73, 180, 177, 125, 151, 129, 32, 53, 15, 162, 1, 93, 46, 69, 160, 132, 190, 62, 126, 148, 67, 101, 55, 14, 134, 143, 154, 140, 82, 196, 120, 2, 34, 181]
init_num: 132 spread_num: 176 S:[13, 0, 23, 18, 86, 144, 108, 24, 20, 65, 165, 141, 8, 27, 200, 96, 35, 159, 85, 136, 172, 145, 81, 161, 9, 150, 54, 123, 179, 60, 68, 58, 7, 5, 28, 78, 139, 185, 107, 122, 147, 189, 194, 3, 26, 106, 173, 119, 97, 4, 193, 57, 186, 176, 182, 59, 48, 70, 49, 90, 66, 121, 99, 183, 104, 91, 79, 80, 38, 142, 138, 42, 184, 16, 103, 115, 44, 109, 111, 135, 146, 22, 61, 63, 12, 56, 76, 130, 95, 163, 89, 100, 199, 25, 156, 29, 167, 73, 180, 177, 125, 151, 129, 32, 53, 15, 162, 1, 93, 46, 69, 160, 132, 190, 62, 126, 148, 67, 101, 55, 14, 134, 143, 154, 140, 82, 196, 120, 2, 34, 181, 10]
init_num: 133 spread_num: 173 S:[13, 0, 23, 18, 86, 144, 108, 24, 20, 65, 165, 141, 8, 27, 200, 96, 35, 159, 85, 136, 172, 145, 81, 161, 9, 150, 54, 123, 179, 60, 68, 58, 7, 5, 28, 78, 139, 185, 107, 122, 147, 189, 194, 3, 26, 106, 173, 119, 97, 4, 193, 57, 186, 176, 182, 59, 48, 70, 49, 90, 66, 121, 99, 183, 104, 91, 79, 80, 38, 142, 138, 42, 184, 16, 103, 115, 44, 109, 111, 135, 146, 22, 61, 63, 12, 56, 76, 130, 95, 163, 89, 100, 199, 25, 156, 29, 167, 73, 180, 177, 125, 151, 129, 32, 53, 15, 162, 1, 93, 46, 69, 160, 132, 190, 62, 126, 148, 67, 101, 55, 14, 134, 143, 154, 140, 82, 196, 120, 2, 34, 181, 10, 152]
init_num: 134 spread_num: 174 S:[13, 0, 23, 18, 86, 144, 108, 24, 20, 65, 165, 141, 8, 27, 200, 96, 35, 159, 85, 136, 172, 145, 81, 161, 9, 150, 54, 123, 179, 60, 68, 58, 7, 5, 28, 78, 139, 185, 107, 122, 147, 189, 194, 3, 26, 106, 173, 119, 97, 4, 193, 57, 186, 176, 182, 59, 48, 70, 49, 90, 66, 121, 99, 183, 104, 91, 79, 80, 38, 142, 138, 42, 184, 16, 103, 115, 44, 109, 111, 135, 146, 22, 61, 63, 12, 56, 76, 130, 95, 163, 89, 100, 199, 25, 156, 29, 167, 73, 180, 177, 125, 151, 129, 32, 53, 15, 162, 1, 93, 46, 69, 160, 132, 190, 62, 126, 148, 67, 101, 55, 14, 134, 143, 154, 140, 82, 196, 120, 2, 34, 181, 10, 152, 40]
init_num: 135 spread_num: 173 S:[13, 0, 23, 18, 86, 144, 108, 24, 20, 65, 165, 141, 8, 27, 200, 96, 35, 159, 85, 136, 172, 145, 81, 161, 9, 150, 54, 123, 179, 60, 68, 58, 7, 5, 28, 78, 139, 185, 107, 122, 147, 189, 194, 3, 26, 106, 173, 119, 97, 4, 193, 57, 186, 176, 182, 59, 48, 70, 49, 90, 66, 121, 99, 183, 104, 91, 79, 80, 38, 142, 138, 42, 184, 16, 103, 115, 44, 109, 111, 135, 146, 22, 61, 63, 12, 56, 76, 130, 95, 163, 89, 100, 199, 25, 156, 29, 167, 73, 180, 177, 125, 151, 129, 32, 53, 15, 162, 1, 93, 46, 69, 160, 132, 190, 62, 126, 148, 67, 101, 55, 14, 134, 143, 154, 140, 82, 196, 120, 2, 34, 181, 10, 152, 40, 131]
init_num: 136 spread_num: 176 S:[13, 0, 23, 18, 86, 144, 108, 24, 20, 65, 165, 141, 8, 27, 200, 96, 35, 159, 85, 136, 172, 145, 81, 161, 9, 150, 54, 123, 179, 60, 68, 58, 7, 5, 28, 78, 139, 185, 107, 122, 147, 189, 194, 3, 26, 106, 173, 119, 97, 4, 193, 57, 186, 176, 182, 59, 48, 70, 49, 90, 66, 121, 99, 183, 104, 91, 79, 80, 38, 142, 138, 42, 184, 16, 103, 115, 44, 109, 111, 135, 146, 22, 61, 63, 12, 56, 76, 130, 95, 163, 89, 100, 199, 25, 156, 29, 167, 73, 180, 177, 125, 151, 129, 32, 53, 15, 162, 1, 93, 46, 69, 160, 132, 190, 62, 126, 148, 67, 101, 55, 14, 134, 143, 154, 140, 82, 196, 120, 2, 34, 181, 10, 152, 40, 131, 124]
init_num: 137 spread_num: 177 S:[13, 0, 23, 18, 86, 144, 108, 24, 20, 65, 165, 141, 8, 27, 200, 96, 35, 159, 85, 136, 172, 145, 81, 161, 9, 150, 54, 123, 179, 60, 68, 58, 7, 5, 28, 78, 139, 185, 107, 122, 147, 189, 194, 3, 26, 106, 173, 119, 97, 4, 193, 57, 186, 176, 182, 59, 48, 70, 49, 90, 66, 121, 99, 183, 104, 91, 79, 80, 38, 142, 138, 42, 184, 16, 103, 115, 44, 109, 111, 135, 146, 22, 61, 63, 12, 56, 76, 130, 95, 163, 89, 100, 199, 25, 156, 29, 167, 73, 180, 177, 125, 151, 129, 32, 53, 15, 162, 1, 93, 46, 69, 160, 132, 190, 62, 126, 148, 67, 101, 55, 14, 134, 143, 154, 140, 82, 196, 120, 2, 34, 181, 10, 152, 40, 131, 124, 98]
init_num: 138 spread_num: 178 S:[13, 0, 23, 18, 86, 144, 108, 24, 20, 65, 165, 141, 8, 27, 200, 96, 35, 159, 85, 136, 172, 145, 81, 161, 9, 150, 54, 123, 179, 60, 68, 58, 7, 5, 28, 78, 139, 185, 107, 122, 147, 189, 194, 3, 26, 106, 173, 119, 97, 4, 193, 57, 186, 176, 182, 59, 48, 70, 49, 90, 66, 121, 99, 183, 104, 91, 79, 80, 38, 142, 138, 42, 184, 16, 103, 115, 44, 109, 111, 135, 146, 22, 61, 63, 12, 56, 76, 130, 95, 163, 89, 100, 199, 25, 156, 29, 167, 73, 180, 177, 125, 151, 129, 32, 53, 15, 162, 1, 93, 46, 69, 160, 132, 190, 62, 126, 148, 67, 101, 55, 14, 134, 143, 154, 140, 82, 196, 120, 2, 34, 181, 10, 152, 40, 131, 124, 98, 112]
init_num: 139 spread_num: 176 S:[13, 0, 23, 18, 86, 144, 108, 24, 20, 65, 165, 141, 8, 27, 200, 96, 35, 159, 85, 136, 172, 145, 81, 161, 9, 150, 54, 123, 179, 60, 68, 58, 7, 5, 28, 78, 139, 185, 107, 122, 147, 189, 194, 3, 26, 106, 173, 119, 97, 4, 193, 57, 186, 176, 182, 59, 48, 70, 49, 90, 66, 121, 99, 183, 104, 91, 79, 80, 38, 142, 138, 42, 184, 16, 103, 115, 44, 109, 111, 135, 146, 22, 61, 63, 12, 56, 76, 130, 95, 163, 89, 100, 199, 25, 156, 29, 167, 73, 180, 177, 125, 151, 129, 32, 53, 15, 162, 1, 93, 46, 69, 160, 132, 190, 62, 126, 148, 67, 101, 55, 14, 134, 143, 154, 140, 82, 196, 120, 2, 34, 181, 10, 152, 40, 131, 124, 98, 112, 187]
init_num: 140 spread_num: 179 S:[13, 0, 23, 18, 86, 144, 108, 24, 20, 65, 165, 141, 8, 27, 200, 96, 35, 159, 85, 136, 172, 145, 81, 161, 9, 150, 54, 123, 179, 60, 68, 58, 7, 5, 28, 78, 139, 185, 107, 122, 147, 189, 194, 3, 26, 106, 173, 119, 97, 4, 193, 57, 186, 176, 182, 59, 48, 70, 49, 90, 66, 121, 99, 183, 104, 91, 79, 80, 38, 142, 138, 42, 184, 16, 103, 115, 44, 109, 111, 135, 146, 22, 61, 63, 12, 56, 76, 130, 95, 163, 89, 100, 199, 25, 156, 29, 167, 73, 180, 177, 125, 151, 129, 32, 53, 15, 162, 1, 93, 46, 69, 160, 132, 190, 62, 126, 148, 67, 101, 55, 14, 134, 143, 154, 140, 82, 196, 120, 2, 34, 181, 10, 152, 40, 131, 124, 98, 112, 187, 84]
init_num: 141 spread_num: 179 S:[13, 0, 23, 18, 86, 144, 108, 24, 20, 65, 165, 141, 8, 27, 200, 96, 35, 159, 85, 136, 172, 145, 81, 161, 9, 150, 54, 123, 179, 60, 68, 58, 7, 5, 28, 78, 139, 185, 107, 122, 147, 189, 194, 3, 26, 106, 173, 119, 97, 4, 193, 57, 186, 176, 182, 59, 48, 70, 49, 90, 66, 121, 99, 183, 104, 91, 79, 80, 38, 142, 138, 42, 184, 16, 103, 115, 44, 109, 111, 135, 146, 22, 61, 63, 12, 56, 76, 130, 95, 163, 89, 100, 199, 25, 156, 29, 167, 73, 180, 177, 125, 151, 129, 32, 53, 15, 162, 1, 93, 46, 69, 160, 132, 190, 62, 126, 148, 67, 101, 55, 14, 134, 143, 154, 140, 82, 196, 120, 2, 34, 181, 10, 152, 40, 131, 124, 98, 112, 187, 84, 137]
init_num: 142 spread_num: 179 S:[13, 0, 23, 18, 86, 144, 108, 24, 20, 65, 165, 141, 8, 27, 200, 96, 35, 159, 85, 136, 172, 145, 81, 161, 9, 150, 54, 123, 179, 60, 68, 58, 7, 5, 28, 78, 139, 185, 107, 122, 147, 189, 194, 3, 26, 106, 173, 119, 97, 4, 193, 57, 186, 176, 182, 59, 48, 70, 49, 90, 66, 121, 99, 183, 104, 91, 79, 80, 38, 142, 138, 42, 184, 16, 103, 115, 44, 109, 111, 135, 146, 22, 61, 63, 12, 56, 76, 130, 95, 163, 89, 100, 199, 25, 156, 29, 167, 73, 180, 177, 125, 151, 129, 32, 53, 15, 162, 1, 93, 46, 69, 160, 132, 190, 62, 126, 148, 67, 101, 55, 14, 134, 143, 154, 140, 82, 196, 120, 2, 34, 181, 10, 152, 40, 131, 124, 98, 112, 187, 84, 137, 45]
init_num: 143 spread_num: 179 S:[13, 0, 23, 18, 86, 144, 108, 24, 20, 65, 165, 141, 8, 27, 200, 96, 35, 159, 85, 136, 172, 145, 81, 161, 9, 150, 54, 123, 179, 60, 68, 58, 7, 5, 28, 78, 139, 185, 107, 122, 147, 189, 194, 3, 26, 106, 173, 119, 97, 4, 193, 57, 186, 176, 182, 59, 48, 70, 49, 90, 66, 121, 99, 183, 104, 91, 79, 80, 38, 142, 138, 42, 184, 16, 103, 115, 44, 109, 111, 135, 146, 22, 61, 63, 12, 56, 76, 130, 95, 163, 89, 100, 199, 25, 156, 29, 167, 73, 180, 177, 125, 151, 129, 32, 53, 15, 162, 1, 93, 46, 69, 160, 132, 190, 62, 126, 148, 67, 101, 55, 14, 134, 143, 154, 140, 82, 196, 120, 2, 34, 181, 10, 152, 40, 131, 124, 98, 112, 187, 84, 137, 45, 19]
init_num: 144 spread_num: 181 S:[13, 0, 23, 18, 86, 144, 108, 24, 20, 65, 165, 141, 8, 27, 200, 96, 35, 159, 85, 136, 172, 145, 81, 161, 9, 150, 54, 123, 179, 60, 68, 58, 7, 5, 28, 78, 139, 185, 107, 122, 147, 189, 194, 3, 26, 106, 173, 119, 97, 4, 193, 57, 186, 176, 182, 59, 48, 70, 49, 90, 66, 121, 99, 183, 104, 91, 79, 80, 38, 142, 138, 42, 184, 16, 103, 115, 44, 109, 111, 135, 146, 22, 61, 63, 12, 56, 76, 130, 95, 163, 89, 100, 199, 25, 156, 29, 167, 73, 180, 177, 125, 151, 129, 32, 53, 15, 162, 1, 93, 46, 69, 160, 132, 190, 62, 126, 148, 67, 101, 55, 14, 134, 143, 154, 140, 82, 196, 120, 2, 34, 181, 10, 152, 40, 131, 124, 98, 112, 187, 84, 137, 45, 19, 178]
init_num: 145 spread_num: 182 S:[13, 0, 23, 18, 86, 144, 108, 24, 20, 65, 165, 141, 8, 27, 200, 96, 35, 159, 85, 136, 172, 145, 81, 161, 9, 150, 54, 123, 179, 60, 68, 58, 7, 5, 28, 78, 139, 185, 107, 122, 147, 189, 194, 3, 26, 106, 173, 119, 97, 4, 193, 57, 186, 176, 182, 59, 48, 70, 49, 90, 66, 121, 99, 183, 104, 91, 79, 80, 38, 142, 138, 42, 184, 16, 103, 115, 44, 109, 111, 135, 146, 22, 61, 63, 12, 56, 76, 130, 95, 163, 89, 100, 199, 25, 156, 29, 167, 73, 180, 177, 125, 151, 129, 32, 53, 15, 162, 1, 93, 46, 69, 160, 132, 190, 62, 126, 148, 67, 101, 55, 14, 134, 143, 154, 140, 82, 196, 120, 2, 34, 181, 10, 152, 40, 131, 124, 98, 112, 187, 84, 137, 45, 19, 178, 149]
init_num: 146 spread_num: 179 S:[13, 0, 23, 18, 86, 144, 108, 24, 20, 65, 165, 141, 8, 27, 200, 96, 35, 159, 85, 136, 172, 145, 81, 161, 9, 150, 54, 123, 179, 60, 68, 58, 7, 5, 28, 78, 139, 185, 107, 122, 147, 189, 194, 3, 26, 106, 173, 119, 97, 4, 193, 57, 186, 176, 182, 59, 48, 70, 49, 90, 66, 121, 99, 183, 104, 91, 79, 80, 38, 142, 138, 42, 184, 16, 103, 115, 44, 109, 111, 135, 146, 22, 61, 63, 12, 56, 76, 130, 95, 163, 89, 100, 199, 25, 156, 29, 167, 73, 180, 177, 125, 151, 129, 32, 53, 15, 162, 1, 93, 46, 69, 160, 132, 190, 62, 126, 148, 67, 101, 55, 14, 134, 143, 154, 140, 82, 196, 120, 2, 34, 181, 10, 152, 40, 131, 124, 98, 112, 187, 84, 137, 45, 19, 178, 149, 75]
init_num: 147 spread_num: 181 S:[13, 0, 23, 18, 86, 144, 108, 24, 20, 65, 165, 141, 8, 27, 200, 96, 35, 159, 85, 136, 172, 145, 81, 161, 9, 150, 54, 123, 179, 60, 68, 58, 7, 5, 28, 78, 139, 185, 107, 122, 147, 189, 194, 3, 26, 106, 173, 119, 97, 4, 193, 57, 186, 176, 182, 59, 48, 70, 49, 90, 66, 121, 99, 183, 104, 91, 79, 80, 38, 142, 138, 42, 184, 16, 103, 115, 44, 109, 111, 135, 146, 22, 61, 63, 12, 56, 76, 130, 95, 163, 89, 100, 199, 25, 156, 29, 167, 73, 180, 177, 125, 151, 129, 32, 53, 15, 162, 1, 93, 46, 69, 160, 132, 190, 62, 126, 148, 67, 101, 55, 14, 134, 143, 154, 140, 82, 196, 120, 2, 34, 181, 10, 152, 40, 131, 124, 98, 112, 187, 84, 137, 45, 19, 178, 149, 75, 94]
init_num: 148 spread_num: 179 S:[13, 0, 23, 18, 86, 144, 108, 24, 20, 65, 165, 141, 8, 27, 200, 96, 35, 159, 85, 136, 172, 145, 81, 161, 9, 150, 54, 123, 179, 60, 68, 58, 7, 5, 28, 78, 139, 185, 107, 122, 147, 189, 194, 3, 26, 106, 173, 119, 97, 4, 193, 57, 186, 176, 182, 59, 48, 70, 49, 90, 66, 121, 99, 183, 104, 91, 79, 80, 38, 142, 138, 42, 184, 16, 103, 115, 44, 109, 111, 135, 146, 22, 61, 63, 12, 56, 76, 130, 95, 163, 89, 100, 199, 25, 156, 29, 167, 73, 180, 177, 125, 151, 129, 32, 53, 15, 162, 1, 93, 46, 69, 160, 132, 190, 62, 126, 148, 67, 101, 55, 14, 134, 143, 154, 140, 82, 196, 120, 2, 34, 181, 10, 152, 40, 131, 124, 98, 112, 187, 84, 137, 45, 19, 178, 149, 75, 94, 170]
init_num: 149 spread_num: 185 S:[13, 0, 23, 18, 86, 144, 108, 24, 20, 65, 165, 141, 8, 27, 200, 96, 35, 159, 85, 136, 172, 145, 81, 161, 9, 150, 54, 123, 179, 60, 68, 58, 7, 5, 28, 78, 139, 185, 107, 122, 147, 189, 194, 3, 26, 106, 173, 119, 97, 4, 193, 57, 186, 176, 182, 59, 48, 70, 49, 90, 66, 121, 99, 183, 104, 91, 79, 80, 38, 142, 138, 42, 184, 16, 103, 115, 44, 109, 111, 135, 146, 22, 61, 63, 12, 56, 76, 130, 95, 163, 89, 100, 199, 25, 156, 29, 167, 73, 180, 177, 125, 151, 129, 32, 53, 15, 162, 1, 93, 46, 69, 160, 132, 190, 62, 126, 148, 67, 101, 55, 14, 134, 143, 154, 140, 82, 196, 120, 2, 34, 181, 10, 152, 40, 131, 124, 98, 112, 187, 84, 137, 45, 19, 178, 149, 75, 94, 170, 52]
init_num: 150 spread_num: 181 S:[13, 0, 23, 18, 86, 144, 108, 24, 20, 65, 165, 141, 8, 27, 200, 96, 35, 159, 85, 136, 172, 145, 81, 161, 9, 150, 54, 123, 179, 60, 68, 58, 7, 5, 28, 78, 139, 185, 107, 122, 147, 189, 194, 3, 26, 106, 173, 119, 97, 4, 193, 57, 186, 176, 182, 59, 48, 70, 49, 90, 66, 121, 99, 183, 104, 91, 79, 80, 38, 142, 138, 42, 184, 16, 103, 115, 44, 109, 111, 135, 146, 22, 61, 63, 12, 56, 76, 130, 95, 163, 89, 100, 199, 25, 156, 29, 167, 73, 180, 177, 125, 151, 129, 32, 53, 15, 162, 1, 93, 46, 69, 160, 132, 190, 62, 126, 148, 67, 101, 55, 14, 134, 143, 154, 140, 82, 196, 120, 2, 34, 181, 10, 152, 40, 131, 124, 98, 112, 187, 84, 137, 45, 19, 178, 149, 75, 94, 170, 52, 71]
init_num: 151 spread_num: 184 S:[13, 0, 23, 18, 86, 144, 108, 24, 20, 65, 165, 141, 8, 27, 200, 96, 35, 159, 85, 136, 172, 145, 81, 161, 9, 150, 54, 123, 179, 60, 68, 58, 7, 5, 28, 78, 139, 185, 107, 122, 147, 189, 194, 3, 26, 106, 173, 119, 97, 4, 193, 57, 186, 176, 182, 59, 48, 70, 49, 90, 66, 121, 99, 183, 104, 91, 79, 80, 38, 142, 138, 42, 184, 16, 103, 115, 44, 109, 111, 135, 146, 22, 61, 63, 12, 56, 76, 130, 95, 163, 89, 100, 199, 25, 156, 29, 167, 73, 180, 177, 125, 151, 129, 32, 53, 15, 162, 1, 93, 46, 69, 160, 132, 190, 62, 126, 148, 67, 101, 55, 14, 134, 143, 154, 140, 82, 196, 120, 2, 34, 181, 10, 152, 40, 131, 124, 98, 112, 187, 84, 137, 45, 19, 178, 149, 75, 94, 170, 52, 71, 116]
init_num: 152 spread_num: 181 S:[13, 0, 23, 18, 86, 144, 108, 24, 20, 65, 165, 141, 8, 27, 200, 96, 35, 159, 85, 136, 172, 145, 81, 161, 9, 150, 54, 123, 179, 60, 68, 58, 7, 5, 28, 78, 139, 185, 107, 122, 147, 189, 194, 3, 26, 106, 173, 119, 97, 4, 193, 57, 186, 176, 182, 59, 48, 70, 49, 90, 66, 121, 99, 183, 104, 91, 79, 80, 38, 142, 138, 42, 184, 16, 103, 115, 44, 109, 111, 135, 146, 22, 61, 63, 12, 56, 76, 130, 95, 163, 89, 100, 199, 25, 156, 29, 167, 73, 180, 177, 125, 151, 129, 32, 53, 15, 162, 1, 93, 46, 69, 160, 132, 190, 62, 126, 148, 67, 101, 55, 14, 134, 143, 154, 140, 82, 196, 120, 2, 34, 181, 10, 152, 40, 131, 124, 98, 112, 187, 84, 137, 45, 19, 178, 149, 75, 94, 170, 52, 71, 116, 64]
init_num: 153 spread_num: 186 S:[13, 0, 23, 18, 86, 144, 108, 24, 20, 65, 165, 141, 8, 27, 200, 96, 35, 159, 85, 136, 172, 145, 81, 161, 9, 150, 54, 123, 179, 60, 68, 58, 7, 5, 28, 78, 139, 185, 107, 122, 147, 189, 194, 3, 26, 106, 173, 119, 97, 4, 193, 57, 186, 176, 182, 59, 48, 70, 49, 90, 66, 121, 99, 183, 104, 91, 79, 80, 38, 142, 138, 42, 184, 16, 103, 115, 44, 109, 111, 135, 146, 22, 61, 63, 12, 56, 76, 130, 95, 163, 89, 100, 199, 25, 156, 29, 167, 73, 180, 177, 125, 151, 129, 32, 53, 15, 162, 1, 93, 46, 69, 160, 132, 190, 62, 126, 148, 67, 101, 55, 14, 134, 143, 154, 140, 82, 196, 120, 2, 34, 181, 10, 152, 40, 131, 124, 98, 112, 187, 84, 137, 45, 19, 178, 149, 75, 94, 170, 52, 71, 116, 64, 158]
init_num: 154 spread_num: 185 S:[13, 0, 23, 18, 86, 144, 108, 24, 20, 65, 165, 141, 8, 27, 200, 96, 35, 159, 85, 136, 172, 145, 81, 161, 9, 150, 54, 123, 179, 60, 68, 58, 7, 5, 28, 78, 139, 185, 107, 122, 147, 189, 194, 3, 26, 106, 173, 119, 97, 4, 193, 57, 186, 176, 182, 59, 48, 70, 49, 90, 66, 121, 99, 183, 104, 91, 79, 80, 38, 142, 138, 42, 184, 16, 103, 115, 44, 109, 111, 135, 146, 22, 61, 63, 12, 56, 76, 130, 95, 163, 89, 100, 199, 25, 156, 29, 167, 73, 180, 177, 125, 151, 129, 32, 53, 15, 162, 1, 93, 46, 69, 160, 132, 190, 62, 126, 148, 67, 101, 55, 14, 134, 143, 154, 140, 82, 196, 120, 2, 34, 181, 10, 152, 40, 131, 124, 98, 112, 187, 84, 137, 45, 19, 178, 149, 75, 94, 170, 52, 71, 116, 64, 158, 195]
init_num: 155 spread_num: 182 S:[13, 0, 23, 18, 86, 144, 108, 24, 20, 65, 165, 141, 8, 27, 200, 96, 35, 159, 85, 136, 172, 145, 81, 161, 9, 150, 54, 123, 179, 60, 68, 58, 7, 5, 28, 78, 139, 185, 107, 122, 147, 189, 194, 3, 26, 106, 173, 119, 97, 4, 193, 57, 186, 176, 182, 59, 48, 70, 49, 90, 66, 121, 99, 183, 104, 91, 79, 80, 38, 142, 138, 42, 184, 16, 103, 115, 44, 109, 111, 135, 146, 22, 61, 63, 12, 56, 76, 130, 95, 163, 89, 100, 199, 25, 156, 29, 167, 73, 180, 177, 125, 151, 129, 32, 53, 15, 162, 1, 93, 46, 69, 160, 132, 190, 62, 126, 148, 67, 101, 55, 14, 134, 143, 154, 140, 82, 196, 120, 2, 34, 181, 10, 152, 40, 131, 124, 98, 112, 187, 84, 137, 45, 19, 178, 149, 75, 94, 170, 52, 71, 116, 64, 158, 195, 157]
init_num: 156 spread_num: 183 S:[13, 0, 23, 18, 86, 144, 108, 24, 20, 65, 165, 141, 8, 27, 200, 96, 35, 159, 85, 136, 172, 145, 81, 161, 9, 150, 54, 123, 179, 60, 68, 58, 7, 5, 28, 78, 139, 185, 107, 122, 147, 189, 194, 3, 26, 106, 173, 119, 97, 4, 193, 57, 186, 176, 182, 59, 48, 70, 49, 90, 66, 121, 99, 183, 104, 91, 79, 80, 38, 142, 138, 42, 184, 16, 103, 115, 44, 109, 111, 135, 146, 22, 61, 63, 12, 56, 76, 130, 95, 163, 89, 100, 199, 25, 156, 29, 167, 73, 180, 177, 125, 151, 129, 32, 53, 15, 162, 1, 93, 46, 69, 160, 132, 190, 62, 126, 148, 67, 101, 55, 14, 134, 143, 154, 140, 82, 196, 120, 2, 34, 181, 10, 152, 40, 131, 124, 98, 112, 187, 84, 137, 45, 19, 178, 149, 75, 94, 170, 52, 71, 116, 64, 158, 195, 157, 174]
init_num: 157 spread_num: 183 S:[13, 0, 23, 18, 86, 144, 108, 24, 20, 65, 165, 141, 8, 27, 200, 96, 35, 159, 85, 136, 172, 145, 81, 161, 9, 150, 54, 123, 179, 60, 68, 58, 7, 5, 28, 78, 139, 185, 107, 122, 147, 189, 194, 3, 26, 106, 173, 119, 97, 4, 193, 57, 186, 176, 182, 59, 48, 70, 49, 90, 66, 121, 99, 183, 104, 91, 79, 80, 38, 142, 138, 42, 184, 16, 103, 115, 44, 109, 111, 135, 146, 22, 61, 63, 12, 56, 76, 130, 95, 163, 89, 100, 199, 25, 156, 29, 167, 73, 180, 177, 125, 151, 129, 32, 53, 15, 162, 1, 93, 46, 69, 160, 132, 190, 62, 126, 148, 67, 101, 55, 14, 134, 143, 154, 140, 82, 196, 120, 2, 34, 181, 10, 152, 40, 131, 124, 98, 112, 187, 84, 137, 45, 19, 178, 149, 75, 94, 170, 52, 71, 116, 64, 158, 195, 157, 174, 11]
init_num: 158 spread_num: 187 S:[13, 0, 23, 18, 86, 144, 108, 24, 20, 65, 165, 141, 8, 27, 200, 96, 35, 159, 85, 136, 172, 145, 81, 161, 9, 150, 54, 123, 179, 60, 68, 58, 7, 5, 28, 78, 139, 185, 107, 122, 147, 189, 194, 3, 26, 106, 173, 119, 97, 4, 193, 57, 186, 176, 182, 59, 48, 70, 49, 90, 66, 121, 99, 183, 104, 91, 79, 80, 38, 142, 138, 42, 184, 16, 103, 115, 44, 109, 111, 135, 146, 22, 61, 63, 12, 56, 76, 130, 95, 163, 89, 100, 199, 25, 156, 29, 167, 73, 180, 177, 125, 151, 129, 32, 53, 15, 162, 1, 93, 46, 69, 160, 132, 190, 62, 126, 148, 67, 101, 55, 14, 134, 143, 154, 140, 82, 196, 120, 2, 34, 181, 10, 152, 40, 131, 124, 98, 112, 187, 84, 137, 45, 19, 178, 149, 75, 94, 170, 52, 71, 116, 64, 158, 195, 157, 174, 11, 166]
init_num: 159 spread_num: 186 S:[13, 0, 23, 18, 86, 144, 108, 24, 20, 65, 165, 141, 8, 27, 200, 96, 35, 159, 85, 136, 172, 145, 81, 161, 9, 150, 54, 123, 179, 60, 68, 58, 7, 5, 28, 78, 139, 185, 107, 122, 147, 189, 194, 3, 26, 106, 173, 119, 97, 4, 193, 57, 186, 176, 182, 59, 48, 70, 49, 90, 66, 121, 99, 183, 104, 91, 79, 80, 38, 142, 138, 42, 184, 16, 103, 115, 44, 109, 111, 135, 146, 22, 61, 63, 12, 56, 76, 130, 95, 163, 89, 100, 199, 25, 156, 29, 167, 73, 180, 177, 125, 151, 129, 32, 53, 15, 162, 1, 93, 46, 69, 160, 132, 190, 62, 126, 148, 67, 101, 55, 14, 134, 143, 154, 140, 82, 196, 120, 2, 34, 181, 10, 152, 40, 131, 124, 98, 112, 187, 84, 137, 45, 19, 178, 149, 75, 94, 170, 52, 71, 116, 64, 158, 195, 157, 174, 11, 166, 110]
init_num: 160 spread_num: 188 S:[13, 0, 23, 18, 86, 144, 108, 24, 20, 65, 165, 141, 8, 27, 200, 96, 35, 159, 85, 136, 172, 145, 81, 161, 9, 150, 54, 123, 179, 60, 68, 58, 7, 5, 28, 78, 139, 185, 107, 122, 147, 189, 194, 3, 26, 106, 173, 119, 97, 4, 193, 57, 186, 176, 182, 59, 48, 70, 49, 90, 66, 121, 99, 183, 104, 91, 79, 80, 38, 142, 138, 42, 184, 16, 103, 115, 44, 109, 111, 135, 146, 22, 61, 63, 12, 56, 76, 130, 95, 163, 89, 100, 199, 25, 156, 29, 167, 73, 180, 177, 125, 151, 129, 32, 53, 15, 162, 1, 93, 46, 69, 160, 132, 190, 62, 126, 148, 67, 101, 55, 14, 134, 143, 154, 140, 82, 196, 120, 2, 34, 181, 10, 152, 40, 131, 124, 98, 112, 187, 84, 137, 45, 19, 178, 149, 75, 94, 170, 52, 71, 116, 64, 158, 195, 157, 174, 11, 166, 110, 31]
init_num: 161 spread_num: 190 S:[13, 0, 23, 18, 86, 144, 108, 24, 20, 65, 165, 141, 8, 27, 200, 96, 35, 159, 85, 136, 172, 145, 81, 161, 9, 150, 54, 123, 179, 60, 68, 58, 7, 5, 28, 78, 139, 185, 107, 122, 147, 189, 194, 3, 26, 106, 173, 119, 97, 4, 193, 57, 186, 176, 182, 59, 48, 70, 49, 90, 66, 121, 99, 183, 104, 91, 79, 80, 38, 142, 138, 42, 184, 16, 103, 115, 44, 109, 111, 135, 146, 22, 61, 63, 12, 56, 76, 130, 95, 163, 89, 100, 199, 25, 156, 29, 167, 73, 180, 177, 125, 151, 129, 32, 53, 15, 162, 1, 93, 46, 69, 160, 132, 190, 62, 126, 148, 67, 101, 55, 14, 134, 143, 154, 140, 82, 196, 120, 2, 34, 181, 10, 152, 40, 131, 124, 98, 112, 187, 84, 137, 45, 19, 178, 149, 75, 94, 170, 52, 71, 116, 64, 158, 195, 157, 174, 11, 166, 110, 31, 188]
init_num: 162 spread_num: 187 S:[13, 0, 23, 18, 86, 144, 108, 24, 20, 65, 165, 141, 8, 27, 200, 96, 35, 159, 85, 136, 172, 145, 81, 161, 9, 150, 54, 123, 179, 60, 68, 58, 7, 5, 28, 78, 139, 185, 107, 122, 147, 189, 194, 3, 26, 106, 173, 119, 97, 4, 193, 57, 186, 176, 182, 59, 48, 70, 49, 90, 66, 121, 99, 183, 104, 91, 79, 80, 38, 142, 138, 42, 184, 16, 103, 115, 44, 109, 111, 135, 146, 22, 61, 63, 12, 56, 76, 130, 95, 163, 89, 100, 199, 25, 156, 29, 167, 73, 180, 177, 125, 151, 129, 32, 53, 15, 162, 1, 93, 46, 69, 160, 132, 190, 62, 126, 148, 67, 101, 55, 14, 134, 143, 154, 140, 82, 196, 120, 2, 34, 181, 10, 152, 40, 131, 124, 98, 112, 187, 84, 137, 45, 19, 178, 149, 75, 94, 170, 52, 71, 116, 64, 158, 195, 157, 174, 11, 166, 110, 31, 188, 117]
init_num: 163 spread_num: 187 S:[13, 0, 23, 18, 86, 144, 108, 24, 20, 65, 165, 141, 8, 27, 200, 96, 35, 159, 85, 136, 172, 145, 81, 161, 9, 150, 54, 123, 179, 60, 68, 58, 7, 5, 28, 78, 139, 185, 107, 122, 147, 189, 194, 3, 26, 106, 173, 119, 97, 4, 193, 57, 186, 176, 182, 59, 48, 70, 49, 90, 66, 121, 99, 183, 104, 91, 79, 80, 38, 142, 138, 42, 184, 16, 103, 115, 44, 109, 111, 135, 146, 22, 61, 63, 12, 56, 76, 130, 95, 163, 89, 100, 199, 25, 156, 29, 167, 73, 180, 177, 125, 151, 129, 32, 53, 15, 162, 1, 93, 46, 69, 160, 132, 190, 62, 126, 148, 67, 101, 55, 14, 134, 143, 154, 140, 82, 196, 120, 2, 34, 181, 10, 152, 40, 131, 124, 98, 112, 187, 84, 137, 45, 19, 178, 149, 75, 94, 170, 52, 71, 116, 64, 158, 195, 157, 174, 11, 166, 110, 31, 188, 117, 133]
init_num: 164 spread_num: 187 S:[13, 0, 23, 18, 86, 144, 108, 24, 20, 65, 165, 141, 8, 27, 200, 96, 35, 159, 85, 136, 172, 145, 81, 161, 9, 150, 54, 123, 179, 60, 68, 58, 7, 5, 28, 78, 139, 185, 107, 122, 147, 189, 194, 3, 26, 106, 173, 119, 97, 4, 193, 57, 186, 176, 182, 59, 48, 70, 49, 90, 66, 121, 99, 183, 104, 91, 79, 80, 38, 142, 138, 42, 184, 16, 103, 115, 44, 109, 111, 135, 146, 22, 61, 63, 12, 56, 76, 130, 95, 163, 89, 100, 199, 25, 156, 29, 167, 73, 180, 177, 125, 151, 129, 32, 53, 15, 162, 1, 93, 46, 69, 160, 132, 190, 62, 126, 148, 67, 101, 55, 14, 134, 143, 154, 140, 82, 196, 120, 2, 34, 181, 10, 152, 40, 131, 124, 98, 112, 187, 84, 137, 45, 19, 178, 149, 75, 94, 170, 52, 71, 116, 64, 158, 195, 157, 174, 11, 166, 110, 31, 188, 117, 133, 21]
init_num: 165 spread_num: 188 S:[13, 0, 23, 18, 86, 144, 108, 24, 20, 65, 165, 141, 8, 27, 200, 96, 35, 159, 85, 136, 172, 145, 81, 161, 9, 150, 54, 123, 179, 60, 68, 58, 7, 5, 28, 78, 139, 185, 107, 122, 147, 189, 194, 3, 26, 106, 173, 119, 97, 4, 193, 57, 186, 176, 182, 59, 48, 70, 49, 90, 66, 121, 99, 183, 104, 91, 79, 80, 38, 142, 138, 42, 184, 16, 103, 115, 44, 109, 111, 135, 146, 22, 61, 63, 12, 56, 76, 130, 95, 163, 89, 100, 199, 25, 156, 29, 167, 73, 180, 177, 125, 151, 129, 32, 53, 15, 162, 1, 93, 46, 69, 160, 132, 190, 62, 126, 148, 67, 101, 55, 14, 134, 143, 154, 140, 82, 196, 120, 2, 34, 181, 10, 152, 40, 131, 124, 98, 112, 187, 84, 137, 45, 19, 178, 149, 75, 94, 170, 52, 71, 116, 64, 158, 195, 157, 174, 11, 166, 110, 31, 188, 117, 133, 21, 128]
init_num: 166 spread_num: 188 S:[13, 0, 23, 18, 86, 144, 108, 24, 20, 65, 165, 141, 8, 27, 200, 96, 35, 159, 85, 136, 172, 145, 81, 161, 9, 150, 54, 123, 179, 60, 68, 58, 7, 5, 28, 78, 139, 185, 107, 122, 147, 189, 194, 3, 26, 106, 173, 119, 97, 4, 193, 57, 186, 176, 182, 59, 48, 70, 49, 90, 66, 121, 99, 183, 104, 91, 79, 80, 38, 142, 138, 42, 184, 16, 103, 115, 44, 109, 111, 135, 146, 22, 61, 63, 12, 56, 76, 130, 95, 163, 89, 100, 199, 25, 156, 29, 167, 73, 180, 177, 125, 151, 129, 32, 53, 15, 162, 1, 93, 46, 69, 160, 132, 190, 62, 126, 148, 67, 101, 55, 14, 134, 143, 154, 140, 82, 196, 120, 2, 34, 181, 10, 152, 40, 131, 124, 98, 112, 187, 84, 137, 45, 19, 178, 149, 75, 94, 170, 52, 71, 116, 64, 158, 195, 157, 174, 11, 166, 110, 31, 188, 117, 133, 21, 128, 155]
init_num: 167 spread_num: 189 S:[13, 0, 23, 18, 86, 144, 108, 24, 20, 65, 165, 141, 8, 27, 200, 96, 35, 159, 85, 136, 172, 145, 81, 161, 9, 150, 54, 123, 179, 60, 68, 58, 7, 5, 28, 78, 139, 185, 107, 122, 147, 189, 194, 3, 26, 106, 173, 119, 97, 4, 193, 57, 186, 176, 182, 59, 48, 70, 49, 90, 66, 121, 99, 183, 104, 91, 79, 80, 38, 142, 138, 42, 184, 16, 103, 115, 44, 109, 111, 135, 146, 22, 61, 63, 12, 56, 76, 130, 95, 163, 89, 100, 199, 25, 156, 29, 167, 73, 180, 177, 125, 151, 129, 32, 53, 15, 162, 1, 93, 46, 69, 160, 132, 190, 62, 126, 148, 67, 101, 55, 14, 134, 143, 154, 140, 82, 196, 120, 2, 34, 181, 10, 152, 40, 131, 124, 98, 112, 187, 84, 137, 45, 19, 178, 149, 75, 94, 170, 52, 71, 116, 64, 158, 195, 157, 174, 11, 166, 110, 31, 188, 117, 133, 21, 128, 155, 197]
init_num: 168 spread_num: 189 S:[13, 0, 23, 18, 86, 144, 108, 24, 20, 65, 165, 141, 8, 27, 200, 96, 35, 159, 85, 136, 172, 145, 81, 161, 9, 150, 54, 123, 179, 60, 68, 58, 7, 5, 28, 78, 139, 185, 107, 122, 147, 189, 194, 3, 26, 106, 173, 119, 97, 4, 193, 57, 186, 176, 182, 59, 48, 70, 49, 90, 66, 121, 99, 183, 104, 91, 79, 80, 38, 142, 138, 42, 184, 16, 103, 115, 44, 109, 111, 135, 146, 22, 61, 63, 12, 56, 76, 130, 95, 163, 89, 100, 199, 25, 156, 29, 167, 73, 180, 177, 125, 151, 129, 32, 53, 15, 162, 1, 93, 46, 69, 160, 132, 190, 62, 126, 148, 67, 101, 55, 14, 134, 143, 154, 140, 82, 196, 120, 2, 34, 181, 10, 152, 40, 131, 124, 98, 112, 187, 84, 137, 45, 19, 178, 149, 75, 94, 170, 52, 71, 116, 64, 158, 195, 157, 174, 11, 166, 110, 31, 188, 117, 133, 21, 128, 155, 197, 33]
init_num: 169 spread_num: 191 S:[13, 0, 23, 18, 86, 144, 108, 24, 20, 65, 165, 141, 8, 27, 200, 96, 35, 159, 85, 136, 172, 145, 81, 161, 9, 150, 54, 123, 179, 60, 68, 58, 7, 5, 28, 78, 139, 185, 107, 122, 147, 189, 194, 3, 26, 106, 173, 119, 97, 4, 193, 57, 186, 176, 182, 59, 48, 70, 49, 90, 66, 121, 99, 183, 104, 91, 79, 80, 38, 142, 138, 42, 184, 16, 103, 115, 44, 109, 111, 135, 146, 22, 61, 63, 12, 56, 76, 130, 95, 163, 89, 100, 199, 25, 156, 29, 167, 73, 180, 177, 125, 151, 129, 32, 53, 15, 162, 1, 93, 46, 69, 160, 132, 190, 62, 126, 148, 67, 101, 55, 14, 134, 143, 154, 140, 82, 196, 120, 2, 34, 181, 10, 152, 40, 131, 124, 98, 112, 187, 84, 137, 45, 19, 178, 149, 75, 94, 170, 52, 71, 116, 64, 158, 195, 157, 174, 11, 166, 110, 31, 188, 117, 133, 21, 128, 155, 197, 33, 17]
init_num: 170 spread_num: 191 S:[13, 0, 23, 18, 86, 144, 108, 24, 20, 65, 165, 141, 8, 27, 200, 96, 35, 159, 85, 136, 172, 145, 81, 161, 9, 150, 54, 123, 179, 60, 68, 58, 7, 5, 28, 78, 139, 185, 107, 122, 147, 189, 194, 3, 26, 106, 173, 119, 97, 4, 193, 57, 186, 176, 182, 59, 48, 70, 49, 90, 66, 121, 99, 183, 104, 91, 79, 80, 38, 142, 138, 42, 184, 16, 103, 115, 44, 109, 111, 135, 146, 22, 61, 63, 12, 56, 76, 130, 95, 163, 89, 100, 199, 25, 156, 29, 167, 73, 180, 177, 125, 151, 129, 32, 53, 15, 162, 1, 93, 46, 69, 160, 132, 190, 62, 126, 148, 67, 101, 55, 14, 134, 143, 154, 140, 82, 196, 120, 2, 34, 181, 10, 152, 40, 131, 124, 98, 112, 187, 84, 137, 45, 19, 178, 149, 75, 94, 170, 52, 71, 116, 64, 158, 195, 157, 174, 11, 166, 110, 31, 188, 117, 133, 21, 128, 155, 197, 33, 17, 118]
init_num: 171 spread_num: 191 S:[13, 0, 23, 18, 86, 144, 108, 24, 20, 65, 165, 141, 8, 27, 200, 96, 35, 159, 85, 136, 172, 145, 81, 161, 9, 150, 54, 123, 179, 60, 68, 58, 7, 5, 28, 78, 139, 185, 107, 122, 147, 189, 194, 3, 26, 106, 173, 119, 97, 4, 193, 57, 186, 176, 182, 59, 48, 70, 49, 90, 66, 121, 99, 183, 104, 91, 79, 80, 38, 142, 138, 42, 184, 16, 103, 115, 44, 109, 111, 135, 146, 22, 61, 63, 12, 56, 76, 130, 95, 163, 89, 100, 199, 25, 156, 29, 167, 73, 180, 177, 125, 151, 129, 32, 53, 15, 162, 1, 93, 46, 69, 160, 132, 190, 62, 126, 148, 67, 101, 55, 14, 134, 143, 154, 140, 82, 196, 120, 2, 34, 181, 10, 152, 40, 131, 124, 98, 112, 187, 84, 137, 45, 19, 178, 149, 75, 94, 170, 52, 71, 116, 64, 158, 195, 157, 174, 11, 166, 110, 31, 188, 117, 133, 21, 128, 155, 197, 33, 17, 118, 50]
init_num: 172 spread_num: 191 S:[13, 0, 23, 18, 86, 144, 108, 24, 20, 65, 165, 141, 8, 27, 200, 96, 35, 159, 85, 136, 172, 145, 81, 161, 9, 150, 54, 123, 179, 60, 68, 58, 7, 5, 28, 78, 139, 185, 107, 122, 147, 189, 194, 3, 26, 106, 173, 119, 97, 4, 193, 57, 186, 176, 182, 59, 48, 70, 49, 90, 66, 121, 99, 183, 104, 91, 79, 80, 38, 142, 138, 42, 184, 16, 103, 115, 44, 109, 111, 135, 146, 22, 61, 63, 12, 56, 76, 130, 95, 163, 89, 100, 199, 25, 156, 29, 167, 73, 180, 177, 125, 151, 129, 32, 53, 15, 162, 1, 93, 46, 69, 160, 132, 190, 62, 126, 148, 67, 101, 55, 14, 134, 143, 154, 140, 82, 196, 120, 2, 34, 181, 10, 152, 40, 131, 124, 98, 112, 187, 84, 137, 45, 19, 178, 149, 75, 94, 170, 52, 71, 116, 64, 158, 195, 157, 174, 11, 166, 110, 31, 188, 117, 133, 21, 128, 155, 197, 33, 17, 118, 50, 74]
init_num: 173 spread_num: 192 S:[13, 0, 23, 18, 86, 144, 108, 24, 20, 65, 165, 141, 8, 27, 200, 96, 35, 159, 85, 136, 172, 145, 81, 161, 9, 150, 54, 123, 179, 60, 68, 58, 7, 5, 28, 78, 139, 185, 107, 122, 147, 189, 194, 3, 26, 106, 173, 119, 97, 4, 193, 57, 186, 176, 182, 59, 48, 70, 49, 90, 66, 121, 99, 183, 104, 91, 79, 80, 38, 142, 138, 42, 184, 16, 103, 115, 44, 109, 111, 135, 146, 22, 61, 63, 12, 56, 76, 130, 95, 163, 89, 100, 199, 25, 156, 29, 167, 73, 180, 177, 125, 151, 129, 32, 53, 15, 162, 1, 93, 46, 69, 160, 132, 190, 62, 126, 148, 67, 101, 55, 14, 134, 143, 154, 140, 82, 196, 120, 2, 34, 181, 10, 152, 40, 131, 124, 98, 112, 187, 84, 137, 45, 19, 178, 149, 75, 94, 170, 52, 71, 116, 64, 158, 195, 157, 174, 11, 166, 110, 31, 188, 117, 133, 21, 128, 155, 197, 33, 17, 118, 50, 74, 43]
init_num: 174 spread_num: 194 S:[13, 0, 23, 18, 86, 144, 108, 24, 20, 65, 165, 141, 8, 27, 200, 96, 35, 159, 85, 136, 172, 145, 81, 161, 9, 150, 54, 123, 179, 60, 68, 58, 7, 5, 28, 78, 139, 185, 107, 122, 147, 189, 194, 3, 26, 106, 173, 119, 97, 4, 193, 57, 186, 176, 182, 59, 48, 70, 49, 90, 66, 121, 99, 183, 104, 91, 79, 80, 38, 142, 138, 42, 184, 16, 103, 115, 44, 109, 111, 135, 146, 22, 61, 63, 12, 56, 76, 130, 95, 163, 89, 100, 199, 25, 156, 29, 167, 73, 180, 177, 125, 151, 129, 32, 53, 15, 162, 1, 93, 46, 69, 160, 132, 190, 62, 126, 148, 67, 101, 55, 14, 134, 143, 154, 140, 82, 196, 120, 2, 34, 181, 10, 152, 40, 131, 124, 98, 112, 187, 84, 137, 45, 19, 178, 149, 75, 94, 170, 52, 71, 116, 64, 158, 195, 157, 174, 11, 166, 110, 31, 188, 117, 133, 21, 128, 155, 197, 33, 17, 118, 50, 74, 43, 30]
init_num: 175 spread_num: 194 S:[13, 0, 23, 18, 86, 144, 108, 24, 20, 65, 165, 141, 8, 27, 200, 96, 35, 159, 85, 136, 172, 145, 81, 161, 9, 150, 54, 123, 179, 60, 68, 58, 7, 5, 28, 78, 139, 185, 107, 122, 147, 189, 194, 3, 26, 106, 173, 119, 97, 4, 193, 57, 186, 176, 182, 59, 48, 70, 49, 90, 66, 121, 99, 183, 104, 91, 79, 80, 38, 142, 138, 42, 184, 16, 103, 115, 44, 109, 111, 135, 146, 22, 61, 63, 12, 56, 76, 130, 95, 163, 89, 100, 199, 25, 156, 29, 167, 73, 180, 177, 125, 151, 129, 32, 53, 15, 162, 1, 93, 46, 69, 160, 132, 190, 62, 126, 148, 67, 101, 55, 14, 134, 143, 154, 140, 82, 196, 120, 2, 34, 181, 10, 152, 40, 131, 124, 98, 112, 187, 84, 137, 45, 19, 178, 149, 75, 94, 170, 52, 71, 116, 64, 158, 195, 157, 174, 11, 166, 110, 31, 188, 117, 133, 21, 128, 155, 197, 33, 17, 118, 50, 74, 43, 30, 92]
init_num: 176 spread_num: 194 S:[13, 0, 23, 18, 86, 144, 108, 24, 20, 65, 165, 141, 8, 27, 200, 96, 35, 159, 85, 136, 172, 145, 81, 161, 9, 150, 54, 123, 179, 60, 68, 58, 7, 5, 28, 78, 139, 185, 107, 122, 147, 189, 194, 3, 26, 106, 173, 119, 97, 4, 193, 57, 186, 176, 182, 59, 48, 70, 49, 90, 66, 121, 99, 183, 104, 91, 79, 80, 38, 142, 138, 42, 184, 16, 103, 115, 44, 109, 111, 135, 146, 22, 61, 63, 12, 56, 76, 130, 95, 163, 89, 100, 199, 25, 156, 29, 167, 73, 180, 177, 125, 151, 129, 32, 53, 15, 162, 1, 93, 46, 69, 160, 132, 190, 62, 126, 148, 67, 101, 55, 14, 134, 143, 154, 140, 82, 196, 120, 2, 34, 181, 10, 152, 40, 131, 124, 98, 112, 187, 84, 137, 45, 19, 178, 149, 75, 94, 170, 52, 71, 116, 64, 158, 195, 157, 174, 11, 166, 110, 31, 188, 117, 133, 21, 128, 155, 197, 33, 17, 118, 50, 74, 43, 30, 92, 153]
init_num: 177 spread_num: 196 S:[13, 0, 23, 18, 86, 144, 108, 24, 20, 65, 165, 141, 8, 27, 200, 96, 35, 159, 85, 136, 172, 145, 81, 161, 9, 150, 54, 123, 179, 60, 68, 58, 7, 5, 28, 78, 139, 185, 107, 122, 147, 189, 194, 3, 26, 106, 173, 119, 97, 4, 193, 57, 186, 176, 182, 59, 48, 70, 49, 90, 66, 121, 99, 183, 104, 91, 79, 80, 38, 142, 138, 42, 184, 16, 103, 115, 44, 109, 111, 135, 146, 22, 61, 63, 12, 56, 76, 130, 95, 163, 89, 100, 199, 25, 156, 29, 167, 73, 180, 177, 125, 151, 129, 32, 53, 15, 162, 1, 93, 46, 69, 160, 132, 190, 62, 126, 148, 67, 101, 55, 14, 134, 143, 154, 140, 82, 196, 120, 2, 34, 181, 10, 152, 40, 131, 124, 98, 112, 187, 84, 137, 45, 19, 178, 149, 75, 94, 170, 52, 71, 116, 64, 158, 195, 157, 174, 11, 166, 110, 31, 188, 117, 133, 21, 128, 155, 197, 33, 17, 118, 50, 74, 43, 30, 92, 153, 39]
init_num: 178 spread_num: 195 S:[13, 0, 23, 18, 86, 144, 108, 24, 20, 65, 165, 141, 8, 27, 200, 96, 35, 159, 85, 136, 172, 145, 81, 161, 9, 150, 54, 123, 179, 60, 68, 58, 7, 5, 28, 78, 139, 185, 107, 122, 147, 189, 194, 3, 26, 106, 173, 119, 97, 4, 193, 57, 186, 176, 182, 59, 48, 70, 49, 90, 66, 121, 99, 183, 104, 91, 79, 80, 38, 142, 138, 42, 184, 16, 103, 115, 44, 109, 111, 135, 146, 22, 61, 63, 12, 56, 76, 130, 95, 163, 89, 100, 199, 25, 156, 29, 167, 73, 180, 177, 125, 151, 129, 32, 53, 15, 162, 1, 93, 46, 69, 160, 132, 190, 62, 126, 148, 67, 101, 55, 14, 134, 143, 154, 140, 82, 196, 120, 2, 34, 181, 10, 152, 40, 131, 124, 98, 112, 187, 84, 137, 45, 19, 178, 149, 75, 94, 170, 52, 71, 116, 64, 158, 195, 157, 174, 11, 166, 110, 31, 188, 117, 133, 21, 128, 155, 197, 33, 17, 118, 50, 74, 43, 30, 92, 153, 39, 164]
init_num: 179 spread_num: 196 S:[13, 0, 23, 18, 86, 144, 108, 24, 20, 65, 165, 141, 8, 27, 200, 96, 35, 159, 85, 136, 172, 145, 81, 161, 9, 150, 54, 123, 179, 60, 68, 58, 7, 5, 28, 78, 139, 185, 107, 122, 147, 189, 194, 3, 26, 106, 173, 119, 97, 4, 193, 57, 186, 176, 182, 59, 48, 70, 49, 90, 66, 121, 99, 183, 104, 91, 79, 80, 38, 142, 138, 42, 184, 16, 103, 115, 44, 109, 111, 135, 146, 22, 61, 63, 12, 56, 76, 130, 95, 163, 89, 100, 199, 25, 156, 29, 167, 73, 180, 177, 125, 151, 129, 32, 53, 15, 162, 1, 93, 46, 69, 160, 132, 190, 62, 126, 148, 67, 101, 55, 14, 134, 143, 154, 140, 82, 196, 120, 2, 34, 181, 10, 152, 40, 131, 124, 98, 112, 187, 84, 137, 45, 19, 178, 149, 75, 94, 170, 52, 71, 116, 64, 158, 195, 157, 174, 11, 166, 110, 31, 188, 117, 133, 21, 128, 155, 197, 33, 17, 118, 50, 74, 43, 30, 92, 153, 39, 164, 113]
init_num: 180 spread_num: 195 S:[13, 0, 23, 18, 86, 144, 108, 24, 20, 65, 165, 141, 8, 27, 200, 96, 35, 159, 85, 136, 172, 145, 81, 161, 9, 150, 54, 123, 179, 60, 68, 58, 7, 5, 28, 78, 139, 185, 107, 122, 147, 189, 194, 3, 26, 106, 173, 119, 97, 4, 193, 57, 186, 176, 182, 59, 48, 70, 49, 90, 66, 121, 99, 183, 104, 91, 79, 80, 38, 142, 138, 42, 184, 16, 103, 115, 44, 109, 111, 135, 146, 22, 61, 63, 12, 56, 76, 130, 95, 163, 89, 100, 199, 25, 156, 29, 167, 73, 180, 177, 125, 151, 129, 32, 53, 15, 162, 1, 93, 46, 69, 160, 132, 190, 62, 126, 148, 67, 101, 55, 14, 134, 143, 154, 140, 82, 196, 120, 2, 34, 181, 10, 152, 40, 131, 124, 98, 112, 187, 84, 137, 45, 19, 178, 149, 75, 94, 170, 52, 71, 116, 64, 158, 195, 157, 174, 11, 166, 110, 31, 188, 117, 133, 21, 128, 155, 197, 33, 17, 118, 50, 74, 43, 30, 92, 153, 39, 164, 113, 88]
init_num: 181 spread_num: 195 S:[13, 0, 23, 18, 86, 144, 108, 24, 20, 65, 165, 141, 8, 27, 200, 96, 35, 159, 85, 136, 172, 145, 81, 161, 9, 150, 54, 123, 179, 60, 68, 58, 7, 5, 28, 78, 139, 185, 107, 122, 147, 189, 194, 3, 26, 106, 173, 119, 97, 4, 193, 57, 186, 176, 182, 59, 48, 70, 49, 90, 66, 121, 99, 183, 104, 91, 79, 80, 38, 142, 138, 42, 184, 16, 103, 115, 44, 109, 111, 135, 146, 22, 61, 63, 12, 56, 76, 130, 95, 163, 89, 100, 199, 25, 156, 29, 167, 73, 180, 177, 125, 151, 129, 32, 53, 15, 162, 1, 93, 46, 69, 160, 132, 190, 62, 126, 148, 67, 101, 55, 14, 134, 143, 154, 140, 82, 196, 120, 2, 34, 181, 10, 152, 40, 131, 124, 98, 112, 187, 84, 137, 45, 19, 178, 149, 75, 94, 170, 52, 71, 116, 64, 158, 195, 157, 174, 11, 166, 110, 31, 188, 117, 133, 21, 128, 155, 197, 33, 17, 118, 50, 74, 43, 30, 92, 153, 39, 164, 113, 88, 168]
init_num: 182 spread_num: 197 S:[13, 0, 23, 18, 86, 144, 108, 24, 20, 65, 165, 141, 8, 27, 200, 96, 35, 159, 85, 136, 172, 145, 81, 161, 9, 150, 54, 123, 179, 60, 68, 58, 7, 5, 28, 78, 139, 185, 107, 122, 147, 189, 194, 3, 26, 106, 173, 119, 97, 4, 193, 57, 186, 176, 182, 59, 48, 70, 49, 90, 66, 121, 99, 183, 104, 91, 79, 80, 38, 142, 138, 42, 184, 16, 103, 115, 44, 109, 111, 135, 146, 22, 61, 63, 12, 56, 76, 130, 95, 163, 89, 100, 199, 25, 156, 29, 167, 73, 180, 177, 125, 151, 129, 32, 53, 15, 162, 1, 93, 46, 69, 160, 132, 190, 62, 126, 148, 67, 101, 55, 14, 134, 143, 154, 140, 82, 196, 120, 2, 34, 181, 10, 152, 40, 131, 124, 98, 112, 187, 84, 137, 45, 19, 178, 149, 75, 94, 170, 52, 71, 116, 64, 158, 195, 157, 174, 11, 166, 110, 31, 188, 117, 133, 21, 128, 155, 197, 33, 17, 118, 50, 74, 43, 30, 92, 153, 39, 164, 113, 88, 168, 192]
init_num: 183 spread_num: 197 S:[13, 0, 23, 18, 86, 144, 108, 24, 20, 65, 165, 141, 8, 27, 200, 96, 35, 159, 85, 136, 172, 145, 81, 161, 9, 150, 54, 123, 179, 60, 68, 58, 7, 5, 28, 78, 139, 185, 107, 122, 147, 189, 194, 3, 26, 106, 173, 119, 97, 4, 193, 57, 186, 176, 182, 59, 48, 70, 49, 90, 66, 121, 99, 183, 104, 91, 79, 80, 38, 142, 138, 42, 184, 16, 103, 115, 44, 109, 111, 135, 146, 22, 61, 63, 12, 56, 76, 130, 95, 163, 89, 100, 199, 25, 156, 29, 167, 73, 180, 177, 125, 151, 129, 32, 53, 15, 162, 1, 93, 46, 69, 160, 132, 190, 62, 126, 148, 67, 101, 55, 14, 134, 143, 154, 140, 82, 196, 120, 2, 34, 181, 10, 152, 40, 131, 124, 98, 112, 187, 84, 137, 45, 19, 178, 149, 75, 94, 170, 52, 71, 116, 64, 158, 195, 157, 174, 11, 166, 110, 31, 188, 117, 133, 21, 128, 155, 197, 33, 17, 118, 50, 74, 43, 30, 92, 153, 39, 164, 113, 88, 168, 192, 169]
init_num: 184 spread_num: 195 S:[13, 0, 23, 18, 86, 144, 108, 24, 20, 65, 165, 141, 8, 27, 200, 96, 35, 159, 85, 136, 172, 145, 81, 161, 9, 150, 54, 123, 179, 60, 68, 58, 7, 5, 28, 78, 139, 185, 107, 122, 147, 189, 194, 3, 26, 106, 173, 119, 97, 4, 193, 57, 186, 176, 182, 59, 48, 70, 49, 90, 66, 121, 99, 183, 104, 91, 79, 80, 38, 142, 138, 42, 184, 16, 103, 115, 44, 109, 111, 135, 146, 22, 61, 63, 12, 56, 76, 130, 95, 163, 89, 100, 199, 25, 156, 29, 167, 73, 180, 177, 125, 151, 129, 32, 53, 15, 162, 1, 93, 46, 69, 160, 132, 190, 62, 126, 148, 67, 101, 55, 14, 134, 143, 154, 140, 82, 196, 120, 2, 34, 181, 10, 152, 40, 131, 124, 98, 112, 187, 84, 137, 45, 19, 178, 149, 75, 94, 170, 52, 71, 116, 64, 158, 195, 157, 174, 11, 166, 110, 31, 188, 117, 133, 21, 128, 155, 197, 33, 17, 118, 50, 74, 43, 30, 92, 153, 39, 164, 113, 88, 168, 192, 169, 77]
init_num: 185 spread_num: 195 S:[13, 0, 23, 18, 86, 144, 108, 24, 20, 65, 165, 141, 8, 27, 200, 96, 35, 159, 85, 136, 172, 145, 81, 161, 9, 150, 54, 123, 179, 60, 68, 58, 7, 5, 28, 78, 139, 185, 107, 122, 147, 189, 194, 3, 26, 106, 173, 119, 97, 4, 193, 57, 186, 176, 182, 59, 48, 70, 49, 90, 66, 121, 99, 183, 104, 91, 79, 80, 38, 142, 138, 42, 184, 16, 103, 115, 44, 109, 111, 135, 146, 22, 61, 63, 12, 56, 76, 130, 95, 163, 89, 100, 199, 25, 156, 29, 167, 73, 180, 177, 125, 151, 129, 32, 53, 15, 162, 1, 93, 46, 69, 160, 132, 190, 62, 126, 148, 67, 101, 55, 14, 134, 143, 154, 140, 82, 196, 120, 2, 34, 181, 10, 152, 40, 131, 124, 98, 112, 187, 84, 137, 45, 19, 178, 149, 75, 94, 170, 52, 71, 116, 64, 158, 195, 157, 174, 11, 166, 110, 31, 188, 117, 133, 21, 128, 155, 197, 33, 17, 118, 50, 74, 43, 30, 92, 153, 39, 164, 113, 88, 168, 192, 169, 77, 87]
init_num: 186 spread_num: 197 S:[13, 0, 23, 18, 86, 144, 108, 24, 20, 65, 165, 141, 8, 27, 200, 96, 35, 159, 85, 136, 172, 145, 81, 161, 9, 150, 54, 123, 179, 60, 68, 58, 7, 5, 28, 78, 139, 185, 107, 122, 147, 189, 194, 3, 26, 106, 173, 119, 97, 4, 193, 57, 186, 176, 182, 59, 48, 70, 49, 90, 66, 121, 99, 183, 104, 91, 79, 80, 38, 142, 138, 42, 184, 16, 103, 115, 44, 109, 111, 135, 146, 22, 61, 63, 12, 56, 76, 130, 95, 163, 89, 100, 199, 25, 156, 29, 167, 73, 180, 177, 125, 151, 129, 32, 53, 15, 162, 1, 93, 46, 69, 160, 132, 190, 62, 126, 148, 67, 101, 55, 14, 134, 143, 154, 140, 82, 196, 120, 2, 34, 181, 10, 152, 40, 131, 124, 98, 112, 187, 84, 137, 45, 19, 178, 149, 75, 94, 170, 52, 71, 116, 64, 158, 195, 157, 174, 11, 166, 110, 31, 188, 117, 133, 21, 128, 155, 197, 33, 17, 118, 50, 74, 43, 30, 92, 153, 39, 164, 113, 88, 168, 192, 169, 77, 87, 47]
init_num: 187 spread_num: 198 S:[13, 0, 23, 18, 86, 144, 108, 24, 20, 65, 165, 141, 8, 27, 200, 96, 35, 159, 85, 136, 172, 145, 81, 161, 9, 150, 54, 123, 179, 60, 68, 58, 7, 5, 28, 78, 139, 185, 107, 122, 147, 189, 194, 3, 26, 106, 173, 119, 97, 4, 193, 57, 186, 176, 182, 59, 48, 70, 49, 90, 66, 121, 99, 183, 104, 91, 79, 80, 38, 142, 138, 42, 184, 16, 103, 115, 44, 109, 111, 135, 146, 22, 61, 63, 12, 56, 76, 130, 95, 163, 89, 100, 199, 25, 156, 29, 167, 73, 180, 177, 125, 151, 129, 32, 53, 15, 162, 1, 93, 46, 69, 160, 132, 190, 62, 126, 148, 67, 101, 55, 14, 134, 143, 154, 140, 82, 196, 120, 2, 34, 181, 10, 152, 40, 131, 124, 98, 112, 187, 84, 137, 45, 19, 178, 149, 75, 94, 170, 52, 71, 116, 64, 158, 195, 157, 174, 11, 166, 110, 31, 188, 117, 133, 21, 128, 155, 197, 33, 17, 118, 50, 74, 43, 30, 92, 153, 39, 164, 113, 88, 168, 192, 169, 77, 87, 47, 37]
init_num: 188 spread_num: 197 S:[13, 0, 23, 18, 86, 144, 108, 24, 20, 65, 165, 141, 8, 27, 200, 96, 35, 159, 85, 136, 172, 145, 81, 161, 9, 150, 54, 123, 179, 60, 68, 58, 7, 5, 28, 78, 139, 185, 107, 122, 147, 189, 194, 3, 26, 106, 173, 119, 97, 4, 193, 57, 186, 176, 182, 59, 48, 70, 49, 90, 66, 121, 99, 183, 104, 91, 79, 80, 38, 142, 138, 42, 184, 16, 103, 115, 44, 109, 111, 135, 146, 22, 61, 63, 12, 56, 76, 130, 95, 163, 89, 100, 199, 25, 156, 29, 167, 73, 180, 177, 125, 151, 129, 32, 53, 15, 162, 1, 93, 46, 69, 160, 132, 190, 62, 126, 148, 67, 101, 55, 14, 134, 143, 154, 140, 82, 196, 120, 2, 34, 181, 10, 152, 40, 131, 124, 98, 112, 187, 84, 137, 45, 19, 178, 149, 75, 94, 170, 52, 71, 116, 64, 158, 195, 157, 174, 11, 166, 110, 31, 188, 117, 133, 21, 128, 155, 197, 33, 17, 118, 50, 74, 43, 30, 92, 153, 39, 164, 113, 88, 168, 192, 169, 77, 87, 47, 37, 175]
init_num: 189 spread_num: 196 S:[13, 0, 23, 18, 86, 144, 108, 24, 20, 65, 165, 141, 8, 27, 200, 96, 35, 159, 85, 136, 172, 145, 81, 161, 9, 150, 54, 123, 179, 60, 68, 58, 7, 5, 28, 78, 139, 185, 107, 122, 147, 189, 194, 3, 26, 106, 173, 119, 97, 4, 193, 57, 186, 176, 182, 59, 48, 70, 49, 90, 66, 121, 99, 183, 104, 91, 79, 80, 38, 142, 138, 42, 184, 16, 103, 115, 44, 109, 111, 135, 146, 22, 61, 63, 12, 56, 76, 130, 95, 163, 89, 100, 199, 25, 156, 29, 167, 73, 180, 177, 125, 151, 129, 32, 53, 15, 162, 1, 93, 46, 69, 160, 132, 190, 62, 126, 148, 67, 101, 55, 14, 134, 143, 154, 140, 82, 196, 120, 2, 34, 181, 10, 152, 40, 131, 124, 98, 112, 187, 84, 137, 45, 19, 178, 149, 75, 94, 170, 52, 71, 116, 64, 158, 195, 157, 174, 11, 166, 110, 31, 188, 117, 133, 21, 128, 155, 197, 33, 17, 118, 50, 74, 43, 30, 92, 153, 39, 164, 113, 88, 168, 192, 169, 77, 87, 47, 37, 175, 198]
init_num: 190 spread_num: 197 S:[13, 0, 23, 18, 86, 144, 108, 24, 20, 65, 165, 141, 8, 27, 200, 96, 35, 159, 85, 136, 172, 145, 81, 161, 9, 150, 54, 123, 179, 60, 68, 58, 7, 5, 28, 78, 139, 185, 107, 122, 147, 189, 194, 3, 26, 106, 173, 119, 97, 4, 193, 57, 186, 176, 182, 59, 48, 70, 49, 90, 66, 121, 99, 183, 104, 91, 79, 80, 38, 142, 138, 42, 184, 16, 103, 115, 44, 109, 111, 135, 146, 22, 61, 63, 12, 56, 76, 130, 95, 163, 89, 100, 199, 25, 156, 29, 167, 73, 180, 177, 125, 151, 129, 32, 53, 15, 162, 1, 93, 46, 69, 160, 132, 190, 62, 126, 148, 67, 101, 55, 14, 134, 143, 154, 140, 82, 196, 120, 2, 34, 181, 10, 152, 40, 131, 124, 98, 112, 187, 84, 137, 45, 19, 178, 149, 75, 94, 170, 52, 71, 116, 64, 158, 195, 157, 174, 11, 166, 110, 31, 188, 117, 133, 21, 128, 155, 197, 33, 17, 118, 50, 74, 43, 30, 92, 153, 39, 164, 113, 88, 168, 192, 169, 77, 87, 47, 37, 175, 198, 114]
init_num: 191 spread_num: 198 S:[13, 0, 23, 18, 86, 144, 108, 24, 20, 65, 165, 141, 8, 27, 200, 96, 35, 159, 85, 136, 172, 145, 81, 161, 9, 150, 54, 123, 179, 60, 68, 58, 7, 5, 28, 78, 139, 185, 107, 122, 147, 189, 194, 3, 26, 106, 173, 119, 97, 4, 193, 57, 186, 176, 182, 59, 48, 70, 49, 90, 66, 121, 99, 183, 104, 91, 79, 80, 38, 142, 138, 42, 184, 16, 103, 115, 44, 109, 111, 135, 146, 22, 61, 63, 12, 56, 76, 130, 95, 163, 89, 100, 199, 25, 156, 29, 167, 73, 180, 177, 125, 151, 129, 32, 53, 15, 162, 1, 93, 46, 69, 160, 132, 190, 62, 126, 148, 67, 101, 55, 14, 134, 143, 154, 140, 82, 196, 120, 2, 34, 181, 10, 152, 40, 131, 124, 98, 112, 187, 84, 137, 45, 19, 178, 149, 75, 94, 170, 52, 71, 116, 64, 158, 195, 157, 174, 11, 166, 110, 31, 188, 117, 133, 21, 128, 155, 197, 33, 17, 118, 50, 74, 43, 30, 92, 153, 39, 164, 113, 88, 168, 192, 169, 77, 87, 47, 37, 175, 198, 114, 127]
init_num: 192 spread_num: 199 S:[13, 0, 23, 18, 86, 144, 108, 24, 20, 65, 165, 141, 8, 27, 200, 96, 35, 159, 85, 136, 172, 145, 81, 161, 9, 150, 54, 123, 179, 60, 68, 58, 7, 5, 28, 78, 139, 185, 107, 122, 147, 189, 194, 3, 26, 106, 173, 119, 97, 4, 193, 57, 186, 176, 182, 59, 48, 70, 49, 90, 66, 121, 99, 183, 104, 91, 79, 80, 38, 142, 138, 42, 184, 16, 103, 115, 44, 109, 111, 135, 146, 22, 61, 63, 12, 56, 76, 130, 95, 163, 89, 100, 199, 25, 156, 29, 167, 73, 180, 177, 125, 151, 129, 32, 53, 15, 162, 1, 93, 46, 69, 160, 132, 190, 62, 126, 148, 67, 101, 55, 14, 134, 143, 154, 140, 82, 196, 120, 2, 34, 181, 10, 152, 40, 131, 124, 98, 112, 187, 84, 137, 45, 19, 178, 149, 75, 94, 170, 52, 71, 116, 64, 158, 195, 157, 174, 11, 166, 110, 31, 188, 117, 133, 21, 128, 155, 197, 33, 17, 118, 50, 74, 43, 30, 92, 153, 39, 164, 113, 88, 168, 192, 169, 77, 87, 47, 37, 175, 198, 114, 127, 83]
init_num: 193 spread_num: 199 S:[13, 0, 23, 18, 86, 144, 108, 24, 20, 65, 165, 141, 8, 27, 200, 96, 35, 159, 85, 136, 172, 145, 81, 161, 9, 150, 54, 123, 179, 60, 68, 58, 7, 5, 28, 78, 139, 185, 107, 122, 147, 189, 194, 3, 26, 106, 173, 119, 97, 4, 193, 57, 186, 176, 182, 59, 48, 70, 49, 90, 66, 121, 99, 183, 104, 91, 79, 80, 38, 142, 138, 42, 184, 16, 103, 115, 44, 109, 111, 135, 146, 22, 61, 63, 12, 56, 76, 130, 95, 163, 89, 100, 199, 25, 156, 29, 167, 73, 180, 177, 125, 151, 129, 32, 53, 15, 162, 1, 93, 46, 69, 160, 132, 190, 62, 126, 148, 67, 101, 55, 14, 134, 143, 154, 140, 82, 196, 120, 2, 34, 181, 10, 152, 40, 131, 124, 98, 112, 187, 84, 137, 45, 19, 178, 149, 75, 94, 170, 52, 71, 116, 64, 158, 195, 157, 174, 11, 166, 110, 31, 188, 117, 133, 21, 128, 155, 197, 33, 17, 118, 50, 74, 43, 30, 92, 153, 39, 164, 113, 88, 168, 192, 169, 77, 87, 47, 37, 175, 198, 114, 127, 83, 41]
init_num: 194 spread_num: 199 S:[13, 0, 23, 18, 86, 144, 108, 24, 20, 65, 165, 141, 8, 27, 200, 96, 35, 159, 85, 136, 172, 145, 81, 161, 9, 150, 54, 123, 179, 60, 68, 58, 7, 5, 28, 78, 139, 185, 107, 122, 147, 189, 194, 3, 26, 106, 173, 119, 97, 4, 193, 57, 186, 176, 182, 59, 48, 70, 49, 90, 66, 121, 99, 183, 104, 91, 79, 80, 38, 142, 138, 42, 184, 16, 103, 115, 44, 109, 111, 135, 146, 22, 61, 63, 12, 56, 76, 130, 95, 163, 89, 100, 199, 25, 156, 29, 167, 73, 180, 177, 125, 151, 129, 32, 53, 15, 162, 1, 93, 46, 69, 160, 132, 190, 62, 126, 148, 67, 101, 55, 14, 134, 143, 154, 140, 82, 196, 120, 2, 34, 181, 10, 152, 40, 131, 124, 98, 112, 187, 84, 137, 45, 19, 178, 149, 75, 94, 170, 52, 71, 116, 64, 158, 195, 157, 174, 11, 166, 110, 31, 188, 117, 133, 21, 128, 155, 197, 33, 17, 118, 50, 74, 43, 30, 92, 153, 39, 164, 113, 88, 168, 192, 169, 77, 87, 47, 37, 175, 198, 114, 127, 83, 41, 105]
init_num: 195 spread_num: 200 S:[13, 0, 23, 18, 86, 144, 108, 24, 20, 65, 165, 141, 8, 27, 200, 96, 35, 159, 85, 136, 172, 145, 81, 161, 9, 150, 54, 123, 179, 60, 68, 58, 7, 5, 28, 78, 139, 185, 107, 122, 147, 189, 194, 3, 26, 106, 173, 119, 97, 4, 193, 57, 186, 176, 182, 59, 48, 70, 49, 90, 66, 121, 99, 183, 104, 91, 79, 80, 38, 142, 138, 42, 184, 16, 103, 115, 44, 109, 111, 135, 146, 22, 61, 63, 12, 56, 76, 130, 95, 163, 89, 100, 199, 25, 156, 29, 167, 73, 180, 177, 125, 151, 129, 32, 53, 15, 162, 1, 93, 46, 69, 160, 132, 190, 62, 126, 148, 67, 101, 55, 14, 134, 143, 154, 140, 82, 196, 120, 2, 34, 181, 10, 152, 40, 131, 124, 98, 112, 187, 84, 137, 45, 19, 178, 149, 75, 94, 170, 52, 71, 116, 64, 158, 195, 157, 174, 11, 166, 110, 31, 188, 117, 133, 21, 128, 155, 197, 33, 17, 118, 50, 74, 43, 30, 92, 153, 39, 164, 113, 88, 168, 192, 169, 77, 87, 47, 37, 175, 198, 114, 127, 83, 41, 105, 72]
init_num: 196 spread_num: 200 S:[13, 0, 23, 18, 86, 144, 108, 24, 20, 65, 165, 141, 8, 27, 200, 96, 35, 159, 85, 136, 172, 145, 81, 161, 9, 150, 54, 123, 179, 60, 68, 58, 7, 5, 28, 78, 139, 185, 107, 122, 147, 189, 194, 3, 26, 106, 173, 119, 97, 4, 193, 57, 186, 176, 182, 59, 48, 70, 49, 90, 66, 121, 99, 183, 104, 91, 79, 80, 38, 142, 138, 42, 184, 16, 103, 115, 44, 109, 111, 135, 146, 22, 61, 63, 12, 56, 76, 130, 95, 163, 89, 100, 199, 25, 156, 29, 167, 73, 180, 177, 125, 151, 129, 32, 53, 15, 162, 1, 93, 46, 69, 160, 132, 190, 62, 126, 148, 67, 101, 55, 14, 134, 143, 154, 140, 82, 196, 120, 2, 34, 181, 10, 152, 40, 131, 124, 98, 112, 187, 84, 137, 45, 19, 178, 149, 75, 94, 170, 52, 71, 116, 64, 158, 195, 157, 174, 11, 166, 110, 31, 188, 117, 133, 21, 128, 155, 197, 33, 17, 118, 50, 74, 43, 30, 92, 153, 39, 164, 113, 88, 168, 192, 169, 77, 87, 47, 37, 175, 198, 114, 127, 83, 41, 105, 72, 171]
init_num: 197 spread_num: 200 S:[13, 0, 23, 18, 86, 144, 108, 24, 20, 65, 165, 141, 8, 27, 200, 96, 35, 159, 85, 136, 172, 145, 81, 161, 9, 150, 54, 123, 179, 60, 68, 58, 7, 5, 28, 78, 139, 185, 107, 122, 147, 189, 194, 3, 26, 106, 173, 119, 97, 4, 193, 57, 186, 176, 182, 59, 48, 70, 49, 90, 66, 121, 99, 183, 104, 91, 79, 80, 38, 142, 138, 42, 184, 16, 103, 115, 44, 109, 111, 135, 146, 22, 61, 63, 12, 56, 76, 130, 95, 163, 89, 100, 199, 25, 156, 29, 167, 73, 180, 177, 125, 151, 129, 32, 53, 15, 162, 1, 93, 46, 69, 160, 132, 190, 62, 126, 148, 67, 101, 55, 14, 134, 143, 154, 140, 82, 196, 120, 2, 34, 181, 10, 152, 40, 131, 124, 98, 112, 187, 84, 137, 45, 19, 178, 149, 75, 94, 170, 52, 71, 116, 64, 158, 195, 157, 174, 11, 166, 110, 31, 188, 117, 133, 21, 128, 155, 197, 33, 17, 118, 50, 74, 43, 30, 92, 153, 39, 164, 113, 88, 168, 192, 169, 77, 87, 47, 37, 175, 198, 114, 127, 83, 41, 105, 72, 171, 191]
init_num: 198 spread_num: 200 S:[13, 0, 23, 18, 86, 144, 108, 24, 20, 65, 165, 141, 8, 27, 200, 96, 35, 159, 85, 136, 172, 145, 81, 161, 9, 150, 54, 123, 179, 60, 68, 58, 7, 5, 28, 78, 139, 185, 107, 122, 147, 189, 194, 3, 26, 106, 173, 119, 97, 4, 193, 57, 186, 176, 182, 59, 48, 70, 49, 90, 66, 121, 99, 183, 104, 91, 79, 80, 38, 142, 138, 42, 184, 16, 103, 115, 44, 109, 111, 135, 146, 22, 61, 63, 12, 56, 76, 130, 95, 163, 89, 100, 199, 25, 156, 29, 167, 73, 180, 177, 125, 151, 129, 32, 53, 15, 162, 1, 93, 46, 69, 160, 132, 190, 62, 126, 148, 67, 101, 55, 14, 134, 143, 154, 140, 82, 196, 120, 2, 34, 181, 10, 152, 40, 131, 124, 98, 112, 187, 84, 137, 45, 19, 178, 149, 75, 94, 170, 52, 71, 116, 64, 158, 195, 157, 174, 11, 166, 110, 31, 188, 117, 133, 21, 128, 155, 197, 33, 17, 118, 50, 74, 43, 30, 92, 153, 39, 164, 113, 88, 168, 192, 169, 77, 87, 47, 37, 175, 198, 114, 127, 83, 41, 105, 72, 171, 191, 6]
init_num: 199 spread_num: 201 S:[13, 0, 23, 18, 86, 144, 108, 24, 20, 65, 165, 141, 8, 27, 200, 96, 35, 159, 85, 136, 172, 145, 81, 161, 9, 150, 54, 123, 179, 60, 68, 58, 7, 5, 28, 78, 139, 185, 107, 122, 147, 189, 194, 3, 26, 106, 173, 119, 97, 4, 193, 57, 186, 176, 182, 59, 48, 70, 49, 90, 66, 121, 99, 183, 104, 91, 79, 80, 38, 142, 138, 42, 184, 16, 103, 115, 44, 109, 111, 135, 146, 22, 61, 63, 12, 56, 76, 130, 95, 163, 89, 100, 199, 25, 156, 29, 167, 73, 180, 177, 125, 151, 129, 32, 53, 15, 162, 1, 93, 46, 69, 160, 132, 190, 62, 126, 148, 67, 101, 55, 14, 134, 143, 154, 140, 82, 196, 120, 2, 34, 181, 10, 152, 40, 131, 124, 98, 112, 187, 84, 137, 45, 19, 178, 149, 75, 94, 170, 52, 71, 116, 64, 158, 195, 157, 174, 11, 166, 110, 31, 188, 117, 133, 21, 128, 155, 197, 33, 17, 118, 50, 74, 43, 30, 92, 153, 39, 164, 113, 88, 168, 192, 169, 77, 87, 47, 37, 175, 198, 114, 127, 83, 41, 105, 72, 171, 191, 6, 51]
