init_num: 1 spread_num: 13 S:[3]
init_num: 2 spread_num: 21 S:[3, 7]
init_num: 3 spread_num: 26 S:[3, 7, 50]
init_num: 4 spread_num: 34 S:[3, 7, 50, 39]
init_num: 5 spread_num: 35 S:[3, 7, 50, 39, 60]
init_num: 6 spread_num: 38 S:[3, 7, 50, 39, 60, 53]
init_num: 7 spread_num: 43 S:[3, 7, 50, 39, 60, 53, 13]
init_num: 8 spread_num: 44 S:[3, 7, 50, 39, 60, 53, 13, 5]
init_num: 9 spread_num: 55 S:[3, 7, 50, 39, 60, 53, 13, 5, 14]
init_num: 10 spread_num: 56 S:[3, 7, 50, 39, 60, 53, 13, 5, 14, 145]
init_num: 11 spread_num: 55 S:[3, 7, 50, 39, 60, 53, 13, 5, 14, 145, 9]
init_num: 12 spread_num: 63 S:[3, 7, 50, 39, 60, 53, 13, 5, 14, 145, 9, 114]
init_num: 13 spread_num: 57 S:[3, 7, 50, 39, 60, 53, 13, 5, 14, 145, 9, 114, 161]
init_num: 14 spread_num: 68 S:[3, 7, 50, 39, 60, 53, 13, 5, 14, 145, 9, 114, 161, 104]
init_num: 15 spread_num: 59 S:[3, 7, 50, 39, 60, 53, 13, 5, 14, 145, 9, 114, 161, 104, 57]
init_num: 16 spread_num: 60 S:[3, 7, 50, 39, 60, 53, 13, 5, 14, 145, 9, 114, 161, 104, 57, 34]
init_num: 17 spread_num: 64 S:[3, 7, 50, 39, 60, 53, 13, 5, 14, 145, 9, 114, 161, 104, 57, 34, 75]
init_num: 18 spread_num: 72 S:[3, 7, 50, 39, 60, 53, 13, 5, 14, 145, 9, 114, 161, 104, 57, 34, 75, 71]
init_num: 19 spread_num: 69 S:[3, 7, 50, 39, 60, 53, 13, 5, 14, 145, 9, 114, 161, 104, 57, 34, 75, 71, 182]
init_num: 20 spread_num: 71 S:[3, 7, 50, 39, 60, 53, 13, 5, 14, 145, 9, 114, 161, 104, 57, 34, 75, 71, 182, 59]
init_num: 21 spread_num: 81 S:[3, 7, 50, 39, 60, 53, 13, 5, 14, 145, 9, 114, 161, 104, 57, 34, 75, 71, 182, 59, 143]
init_num: 22 spread_num: 77 S:[3, 7, 50, 39, 60, 53, 13, 5, 14, 145, 9, 114, 161, 104, 57, 34, 75, 71, 182, 59, 143, 81]
init_num: 23 spread_num: 80 S:[3, 7, 50, 39, 60, 53, 13, 5, 14, 145, 9, 114, 161, 104, 57, 34, 75, 71, 182, 59, 143, 81, 36]
init_num: 24 spread_num: 81 S:[3, 7, 50, 39, 60, 53, 13, 5, 14, 145, 9, 114, 161, 104, 57, 34, 75, 71, 182, 59, 143, 81, 36, 55]
init_num: 25 spread_num: 81 S:[3, 7, 50, 39, 60, 53, 13, 5, 14, 145, 9, 114, 161, 104, 57, 34, 75, 71, 182, 59, 143, 81, 36, 55, 200]
init_num: 26 spread_num: 79 S:[3, 7, 50, 39, 60, 53, 13, 5, 14, 145, 9, 114, 161, 104, 57, 34, 75, 71, 182, 59, 143, 81, 36, 55, 200, 27]
init_num: 27 spread_num: 84 S:[3, 7, 50, 39, 60, 53, 13, 5, 14, 145, 9, 114, 161, 104, 57, 34, 75, 71, 182, 59, 143, 81, 36, 55, 200, 27, 103]
init_num: 28 spread_num: 88 S:[3, 7, 50, 39, 60, 53, 13, 5, 14, 145, 9, 114, 161, 104, 57, 34, 75, 71, 182, 59, 143, 81, 36, 55, 200, 27, 103, 68]
init_num: 29 spread_num: 86 S:[3, 7, 50, 39, 60, 53, 13, 5, 14, 145, 9, 114, 161, 104, 57, 34, 75, 71, 182, 59, 143, 81, 36, 55, 200, 27, 103, 68, 74]
init_num: 30 spread_num: 84 S:[3, 7, 50, 39, 60, 53, 13, 5, 14, 145, 9, 114, 161, 104, 57, 34, 75, 71, 182, 59, 143, 81, 36, 55, 200, 27, 103, 68, 74, 64]
init_num: 31 spread_num: 93 S:[3, 7, 50, 39, 60, 53, 13, 5, 14, 145, 9, 114, 161, 104, 57, 34, 75, 71, 182, 59, 143, 81, 36, 55, 200, 27, 103, 68, 74, 64, 198]
init_num: 32 spread_num: 89 S:[3, 7, 50, 39, 60, 53, 13, 5, 14, 145, 9, 114, 161, 104, 57, 34, 75, 71, 182, 59, 143, 81, 36, 55, 200, 27, 103, 68, 74, 64, 198, 156]
init_num: 33 spread_num: 87 S:[3, 7, 50, 39, 60, 53, 13, 5, 14, 145, 9, 114, 161, 104, 57, 34, 75, 71, 182, 59, 143, 81, 36, 55, 200, 27, 103, 68, 74, 64, 198, 156, 184]
init_num: 34 spread_num: 95 S:[3, 7, 50, 39, 60, 53, 13, 5, 14, 145, 9, 114, 161, 104, 57, 34, 75, 71, 182, 59, 143, 81, 36, 55, 200, 27, 103, 68, 74, 64, 198, 156, 184, 154]
init_num: 35 spread_num: 102 S:[3, 7, 50, 39, 60, 53, 13, 5, 14, 145, 9, 114, 161, 104, 57, 34, 75, 71, 182, 59, 143, 81, 36, 55, 200, 27, 103, 68, 74, 64, 198, 156, 184, 154, 21]
init_num: 36 spread_num: 94 S:[3, 7, 50, 39, 60, 53, 13, 5, 14, 145, 9, 114, 161, 104, 57, 34, 75, 71, 182, 59, 143, 81, 36, 55, 200, 27, 103, 68, 74, 64, 198, 156, 184, 154, 21, 32]
init_num: 37 spread_num: 96 S:[3, 7, 50, 39, 60, 53, 13, 5, 14, 145, 9, 114, 161, 104, 57, 34, 75, 71, 182, 59, 143, 81, 36, 55, 200, 27, 103, 68, 74, 64, 198, 156, 184, 154, 21, 32, 31]
init_num: 38 spread_num: 96 S:[3, 7, 50, 39, 60, 53, 13, 5, 14, 145, 9, 114, 161, 104, 57, 34, 75, 71, 182, 59, 143, 81, 36, 55, 200, 27, 103, 68, 74, 64, 198, 156, 184, 154, 21, 32, 31, 116]
init_num: 39 spread_num: 94 S:[3, 7, 50, 39, 60, 53, 13, 5, 14, 145, 9, 114, 161, 104, 57, 34, 75, 71, 182, 59, 143, 81, 36, 55, 200, 27, 103, 68, 74, 64, 198, 156, 184, 154, 21, 32, 31, 116, 139]
init_num: 40 spread_num: 98 S:[3, 7, 50, 39, 60, 53, 13, 5, 14, 145, 9, 114, 161, 104, 57, 34, 75, 71, 182, 59, 143, 81, 36, 55, 200, 27, 103, 68, 74, 64, 198, 156, 184, 154, 21, 32, 31, 116, 139, 123]
init_num: 41 spread_num: 101 S:[3, 7, 50, 39, 60, 53, 13, 5, 14, 145, 9, 114, 161, 104, 57, 34, 75, 71, 182, 59, 143, 81, 36, 55, 200, 27, 103, 68, 74, 64, 198, 156, 184, 154, 21, 32, 31, 116, 139, 123, 107]
init_num: 42 spread_num: 101 S:[3, 7, 50, 39, 60, 53, 13, 5, 14, 145, 9, 114, 161, 104, 57, 34, 75, 71, 182, 59, 143, 81, 36, 55, 200, 27, 103, 68, 74, 64, 198, 156, 184, 154, 21, 32, 31, 116, 139, 123, 107, 10]
init_num: 43 spread_num: 104 S:[3, 7, 50, 39, 60, 53, 13, 5, 14, 145, 9, 114, 161, 104, 57, 34, 75, 71, 182, 59, 143, 81, 36, 55, 200, 27, 103, 68, 74, 64, 198, 156, 184, 154, 21, 32, 31, 116, 139, 123, 107, 10, 173]
init_num: 44 spread_num: 105 S:[3, 7, 50, 39, 60, 53, 13, 5, 14, 145, 9, 114, 161, 104, 57, 34, 75, 71, 182, 59, 143, 81, 36, 55, 200, 27, 103, 68, 74, 64, 198, 156, 184, 154, 21, 32, 31, 116, 139, 123, 107, 10, 173, 92]
init_num: 45 spread_num: 101 S:[3, 7, 50, 39, 60, 53, 13, 5, 14, 145, 9, 114, 161, 104, 57, 34, 75, 71, 182, 59, 143, 81, 36, 55, 200, 27, 103, 68, 74, 64, 198, 156, 184, 154, 21, 32, 31, 116, 139, 123, 107, 10, 173, 92, 35]
init_num: 46 spread_num: 110 S:[3, 7, 50, 39, 60, 53, 13, 5, 14, 145, 9, 114, 161, 104, 57, 34, 75, 71, 182, 59, 143, 81, 36, 55, 200, 27, 103, 68, 74, 64, 198, 156, 184, 154, 21, 32, 31, 116, 139, 123, 107, 10, 173, 92, 35, 61]
init_num: 47 spread_num: 107 S:[3, 7, 50, 39, 60, 53, 13, 5, 14, 145, 9, 114, 161, 104, 57, 34, 75, 71, 182, 59, 143, 81, 36, 55, 200, 27, 103, 68, 74, 64, 198, 156, 184, 154, 21, 32, 31, 116, 139, 123, 107, 10, 173, 92, 35, 61, 132]
init_num: 48 spread_num: 112 S:[3, 7, 50, 39, 60, 53, 13, 5, 14, 145, 9, 114, 161, 104, 57, 34, 75, 71, 182, 59, 143, 81, 36, 55, 200, 27, 103, 68, 74, 64, 198, 156, 184, 154, 21, 32, 31, 116, 139, 123, 107, 10, 173, 92, 35, 61, 132, 56]
init_num: 49 spread_num: 106 S:[3, 7, 50, 39, 60, 53, 13, 5, 14, 145, 9, 114, 161, 104, 57, 34, 75, 71, 182, 59, 143, 81, 36, 55, 200, 27, 103, 68, 74, 64, 198, 156, 184, 154, 21, 32, 31, 116, 139, 123, 107, 10, 173, 92, 35, 61, 132, 56, 122]
init_num: 50 spread_num: 110 S:[3, 7, 50, 39, 60, 53, 13, 5, 14, 145, 9, 114, 161, 104, 57, 34, 75, 71, 182, 59, 143, 81, 36, 55, 200, 27, 103, 68, 74, 64, 198, 156, 184, 154, 21, 32, 31, 116, 139, 123, 107, 10, 173, 92, 35, 61, 132, 56, 122, 192]
init_num: 51 spread_num: 112 S:[3, 7, 50, 39, 60, 53, 13, 5, 14, 145, 9, 114, 161, 104, 57, 34, 75, 71, 182, 59, 143, 81, 36, 55, 200, 27, 103, 68, 74, 64, 198, 156, 184, 154, 21, 32, 31, 116, 139, 123, 107, 10, 173, 92, 35, 61, 132, 56, 122, 192, 126]
init_num: 52 spread_num: 107 S:[3, 7, 50, 39, 60, 53, 13, 5, 14, 145, 9, 114, 161, 104, 57, 34, 75, 71, 182, 59, 143, 81, 36, 55, 200, 27, 103, 68, 74, 64, 198, 156, 184, 154, 21, 32, 31, 116, 139, 123, 107, 10, 173, 92, 35, 61, 132, 56, 122, 192, 126, 141]
init_num: 53 spread_num: 115 S:[3, 7, 50, 39, 60, 53, 13, 5, 14, 145, 9, 114, 161, 104, 57, 34, 75, 71, 182, 59, 143, 81, 36, 55, 200, 27, 103, 68, 74, 64, 198, 156, 184, 154, 21, 32, 31, 116, 139, 123, 107, 10, 173, 92, 35, 61, 132, 56, 122, 192, 126, 141, 28]
init_num: 54 spread_num: 121 S:[3, 7, 50, 39, 60, 53, 13, 5, 14, 145, 9, 114, 161, 104, 57, 34, 75, 71, 182, 59, 143, 81, 36, 55, 200, 27, 103, 68, 74, 64, 198, 156, 184, 154, 21, 32, 31, 116, 139, 123, 107, 10, 173, 92, 35, 61, 132, 56, 122, 192, 126, 141, 28, 33]
init_num: 55 spread_num: 113 S:[3, 7, 50, 39, 60, 53, 13, 5, 14, 145, 9, 114, 161, 104, 57, 34, 75, 71, 182, 59, 143, 81, 36, 55, 200, 27, 103, 68, 74, 64, 198, 156, 184, 154, 21, 32, 31, 116, 139, 123, 107, 10, 173, 92, 35, 61, 132, 56, 122, 192, 126, 141, 28, 33, 91]
init_num: 56 spread_num: 123 S:[3, 7, 50, 39, 60, 53, 13, 5, 14, 145, 9, 114, 161, 104, 57, 34, 75, 71, 182, 59, 143, 81, 36, 55, 200, 27, 103, 68, 74, 64, 198, 156, 184, 154, 21, 32, 31, 116, 139, 123, 107, 10, 173, 92, 35, 61, 132, 56, 122, 192, 126, 141, 28, 33, 91, 133]
init_num: 57 spread_num: 121 S:[3, 7, 50, 39, 60, 53, 13, 5, 14, 145, 9, 114, 161, 104, 57, 34, 75, 71, 182, 59, 143, 81, 36, 55, 200, 27, 103, 68, 74, 64, 198, 156, 184, 154, 21, 32, 31, 116, 139, 123, 107, 10, 173, 92, 35, 61, 132, 56, 122, 192, 126, 141, 28, 33, 91, 133, 6]
init_num: 58 spread_num: 122 S:[3, 7, 50, 39, 60, 53, 13, 5, 14, 145, 9, 114, 161, 104, 57, 34, 75, 71, 182, 59, 143, 81, 36, 55, 200, 27, 103, 68, 74, 64, 198, 156, 184, 154, 21, 32, 31, 116, 139, 123, 107, 10, 173, 92, 35, 61, 132, 56, 122, 192, 126, 141, 28, 33, 91, 133, 6, 42]
init_num: 59 spread_num: 124 S:[3, 7, 50, 39, 60, 53, 13, 5, 14, 145, 9, 114, 161, 104, 57, 34, 75, 71, 182, 59, 143, 81, 36, 55, 200, 27, 103, 68, 74, 64, 198, 156, 184, 154, 21, 32, 31, 116, 139, 123, 107, 10, 173, 92, 35, 61, 132, 56, 122, 192, 126, 141, 28, 33, 91, 133, 6, 42, 19]
init_num: 60 spread_num: 125 S:[3, 7, 50, 39, 60, 53, 13, 5, 14, 145, 9, 114, 161, 104, 57, 34, 75, 71, 182, 59, 143, 81, 36, 55, 200, 27, 103, 68, 74, 64, 198, 156, 184, 154, 21, 32, 31, 116, 139, 123, 107, 10, 173, 92, 35, 61, 132, 56, 122, 192, 126, 141, 28, 33, 91, 133, 6, 42, 19, 85]
init_num: 61 spread_num: 124 S:[3, 7, 50, 39, 60, 53, 13, 5, 14, 145, 9, 114, 161, 104, 57, 34, 75, 71, 182, 59, 143, 81, 36, 55, 200, 27, 103, 68, 74, 64, 198, 156, 184, 154, 21, 32, 31, 116, 139, 123, 107, 10, 173, 92, 35, 61, 132, 56, 122, 192, 126, 141, 28, 33, 91, 133, 6, 42, 19, 85, 84]
init_num: 62 spread_num: 127 S:[3, 7, 50, 39, 60, 53, 13, 5, 14, 145, 9, 114, 161, 104, 57, 34, 75, 71, 182, 59, 143, 81, 36, 55, 200, 27, 103, 68, 74, 64, 198, 156, 184, 154, 21, 32, 31, 116, 139, 123, 107, 10, 173, 92, 35, 61, 132, 56, 122, 192, 126, 141, 28, 33, 91, 133, 6, 42, 19, 85, 84, 150]
init_num: 63 spread_num: 131 S:[3, 7, 50, 39, 60, 53, 13, 5, 14, 145, 9, 114, 161, 104, 57, 34, 75, 71, 182, 59, 143, 81, 36, 55, 200, 27, 103, 68, 74, 64, 198, 156, 184, 154, 21, 32, 31, 116, 139, 123, 107, 10, 173, 92, 35, 61, 132, 56, 122, 192, 126, 141, 28, 33, 91, 133, 6, 42, 19, 85, 84, 150, 23]
init_num: 64 spread_num: 130 S:[3, 7, 50, 39, 60, 53, 13, 5, 14, 145, 9, 114, 161, 104, 57, 34, 75, 71, 182, 59, 143, 81, 36, 55, 200, 27, 103, 68, 74, 64, 198, 156, 184, 154, 21, 32, 31, 116, 139, 123, 107, 10, 173, 92, 35, 61, 132, 56, 122, 192, 126, 141, 28, 33, 91, 133, 6, 42, 19, 85, 84, 150, 23, 18]
init_num: 65 spread_num: 131 S:[3, 7, 50, 39, 60, 53, 13, 5, 14, 145, 9, 114, 161, 104, 57, 34, 75, 71, 182, 59, 143, 81, 36, 55, 200, 27, 103, 68, 74, 64, 198, 156, 184, 154, 21, 32, 31, 116, 139, 123, 107, 10, 173, 92, 35, 61, 132, 56, 122, 192, 126, 141, 28, 33, 91, 133, 6, 42, 19, 85, 84, 150, 23, 18, 158]
init_num: 66 spread_num: 129 S:[3, 7, 50, 39, 60, 53, 13, 5, 14, 145, 9, 114, 161, 104, 57, 34, 75, 71, 182, 59, 143, 81, 36, 55, 200, 27, 103, 68, 74, 64, 198, 156, 184, 154, 21, 32, 31, 116, 139, 123, 107, 10, 173, 92, 35, 61, 132, 56, 122, 192, 126, 141, 28, 33, 91, 133, 6, 42, 19, 85, 84, 150, 23, 18, 158, 2]
init_num: 67 spread_num: 132 S:[3, 7, 50, 39, 60, 53, 13, 5, 14, 145, 9, 114, 161, 104, 57, 34, 75, 71, 182, 59, 143, 81, 36, 55, 200, 27, 103, 68, 74, 64, 198, 156, 184, 154, 21, 32, 31, 116, 139, 123, 107, 10, 173, 92, 35, 61, 132, 56, 122, 192, 126, 141, 28, 33, 91, 133, 6, 42, 19, 85, 84, 150, 23, 18, 158, 2, 54]
init_num: 68 spread_num: 132 S:[3, 7, 50, 39, 60, 53, 13, 5, 14, 145, 9, 114, 161, 104, 57, 34, 75, 71, 182, 59, 143, 81, 36, 55, 200, 27, 103, 68, 74, 64, 198, 156, 184, 154, 21, 32, 31, 116, 139, 123, 107, 10, 173, 92, 35, 61, 132, 56, 122, 192, 126, 141, 28, 33, 91, 133, 6, 42, 19, 85, 84, 150, 23, 18, 158, 2, 54, 171]
init_num: 69 spread_num: 134 S:[3, 7, 50, 39, 60, 53, 13, 5, 14, 145, 9, 114, 161, 104, 57, 34, 75, 71, 182, 59, 143, 81, 36, 55, 200, 27, 103, 68, 74, 64, 198, 156, 184, 154, 21, 32, 31, 116, 139, 123, 107, 10, 173, 92, 35, 61, 132, 56, 122, 192, 126, 141, 28, 33, 91, 133, 6, 42, 19, 85, 84, 150, 23, 18, 158, 2, 54, 171, 151]
init_num: 70 spread_num: 135 S:[3, 7, 50, 39, 60, 53, 13, 5, 14, 145, 9, 114, 161, 104, 57, 34, 75, 71, 182, 59, 143, 81, 36, 55, 200, 27, 103, 68, 74, 64, 198, 156, 184, 154, 21, 32, 31, 116, 139, 123, 107, 10, 173, 92, 35, 61, 132, 56, 122, 192, 126, 141, 28, 33, 91, 133, 6, 42, 19, 85, 84, 150, 23, 18, 158, 2, 54, 171, 151, 179]
init_num: 71 spread_num: 136 S:[3, 7, 50, 39, 60, 53, 13, 5, 14, 145, 9, 114, 161, 104, 57, 34, 75, 71, 182, 59, 143, 81, 36, 55, 200, 27, 103, 68, 74, 64, 198, 156, 184, 154, 21, 32, 31, 116, 139, 123, 107, 10, 173, 92, 35, 61, 132, 56, 122, 192, 126, 141, 28, 33, 91, 133, 6, 42, 19, 85, 84, 150, 23, 18, 158, 2, 54, 171, 151, 179, 80]
init_num: 72 spread_num: 135 S:[3, 7, 50, 39, 60, 53, 13, 5, 14, 145, 9, 114, 161, 104, 57, 34, 75, 71, 182, 59, 143, 81, 36, 55, 200, 27, 103, 68, 74, 64, 198, 156, 184, 154, 21, 32, 31, 116, 139, 123, 107, 10, 173, 92, 35, 61, 132, 56, 122, 192, 126, 141, 28, 33, 91, 133, 6, 42, 19, 85, 84, 150, 23, 18, 158, 2, 54, 171, 151, 179, 80, 99]
init_num: 73 spread_num: 145 S:[3, 7, 50, 39, 60, 53, 13, 5, 14, 145, 9, 114, 161, 104, 57, 34, 75, 71, 182, 59, 143, 81, 36, 55, 200, 27, 103, 68, 74, 64, 198, 156, 184, 154, 21, 32, 31, 116, 139, 123, 107, 10, 173, 92, 35, 61, 132, 56, 122, 192, 126, 141, 28, 33, 91, 133, 6, 42, 19, 85, 84, 150, 23, 18, 158, 2, 54, 171, 151, 179, 80, 99, 52]
init_num: 74 spread_num: 138 S:[3, 7, 50, 39, 60, 53, 13, 5, 14, 145, 9, 114, 161, 104, 57, 34, 75, 71, 182, 59, 143, 81, 36, 55, 200, 27, 103, 68, 74, 64, 198, 156, 184, 154, 21, 32, 31, 116, 139, 123, 107, 10, 173, 92, 35, 61, 132, 56, 122, 192, 126, 141, 28, 33, 91, 133, 6, 42, 19, 85, 84, 150, 23, 18, 158, 2, 54, 171, 151, 179, 80, 99, 52, 44]
init_num: 75 spread_num: 136 S:[3, 7, 50, 39, 60, 53, 13, 5, 14, 145, 9, 114, 161, 104, 57, 34, 75, 71, 182, 59, 143, 81, 36, 55, 200, 27, 103, 68, 74, 64, 198, 156, 184, 154, 21, 32, 31, 116, 139, 123, 107, 10, 173, 92, 35, 61, 132, 56, 122, 192, 126, 141, 28, 33, 91, 133, 6, 42, 19, 85, 84, 150, 23, 18, 158, 2, 54, 171, 151, 179, 80, 99, 52, 44, 194]
init_num: 76 spread_num: 139 S:[3, 7, 50, 39, 60, 53, 13, 5, 14, 145, 9, 114, 161, 104, 57, 34, 75, 71, 182, 59, 143, 81, 36, 55, 200, 27, 103, 68, 74, 64, 198, 156, 184, 154, 21, 32, 31, 116, 139, 123, 107, 10, 173, 92, 35, 61, 132, 56, 122, 192, 126, 141, 28, 33, 91, 133, 6, 42, 19, 85, 84, 150, 23, 18, 158, 2, 54, 171, 151, 179, 80, 99, 52, 44, 194, 109]
init_num: 77 spread_num: 143 S:[3, 7, 50, 39, 60, 53, 13, 5, 14, 145, 9, 114, 161, 104, 57, 34, 75, 71, 182, 59, 143, 81, 36, 55, 200, 27, 103, 68, 74, 64, 198, 156, 184, 154, 21, 32, 31, 116, 139, 123, 107, 10, 173, 92, 35, 61, 132, 56, 122, 192, 126, 141, 28, 33, 91, 133, 6, 42, 19, 85, 84, 150, 23, 18, 158, 2, 54, 171, 151, 179, 80, 99, 52, 44, 194, 109, 159]
init_num: 78 spread_num: 138 S:[3, 7, 50, 39, 60, 53, 13, 5, 14, 145, 9, 114, 161, 104, 57, 34, 75, 71, 182, 59, 143, 81, 36, 55, 200, 27, 103, 68, 74, 64, 198, 156, 184, 154, 21, 32, 31, 116, 139, 123, 107, 10, 173, 92, 35, 61, 132, 56, 122, 192, 126, 141, 28, 33, 91, 133, 6, 42, 19, 85, 84, 150, 23, 18, 158, 2, 54, 171, 151, 179, 80, 99, 52, 44, 194, 109, 159, 138]
init_num: 79 spread_num: 141 S:[3, 7, 50, 39, 60, 53, 13, 5, 14, 145, 9, 114, 161, 104, 57, 34, 75, 71, 182, 59, 143, 81, 36, 55, 200, 27, 103, 68, 74, 64, 198, 156, 184, 154, 21, 32, 31, 116, 139, 123, 107, 10, 173, 92, 35, 61, 132, 56, 122, 192, 126, 141, 28, 33, 91, 133, 6, 42, 19, 85, 84, 150, 23, 18, 158, 2, 54, 171, 151, 179, 80, 99, 52, 44, 194, 109, 159, 138, 30]
init_num: 80 spread_num: 141 S:[3, 7, 50, 39, 60, 53, 13, 5, 14, 145, 9, 114, 161, 104, 57, 34, 75, 71, 182, 59, 143, 81, 36, 55, 200, 27, 103, 68, 74, 64, 198, 156, 184, 154, 21, 32, 31, 116, 139, 123, 107, 10, 173, 92, 35, 61, 132, 56, 122, 192, 126, 141, 28, 33, 91, 133, 6, 42, 19, 85, 84, 150, 23, 18, 158, 2, 54, 171, 151, 179, 80, 99, 52, 44, 194, 109, 159, 138, 30, 20]
init_num: 81 spread_num: 144 S:[3, 7, 50, 39, 60, 53, 13, 5, 14, 145, 9, 114, 161, 104, 57, 34, 75, 71, 182, 59, 143, 81, 36, 55, 200, 27, 103, 68, 74, 64, 198, 156, 184, 154, 21, 32, 31, 116, 139, 123, 107, 10, 173, 92, 35, 61, 132, 56, 122, 192, 126, 141, 28, 33, 91, 133, 6, 42, 19, 85, 84, 150, 23, 18, 158, 2, 54, 171, 151, 179, 80, 99, 52, 44, 194, 109, 159, 138, 30, 20, 124]
init_num: 82 spread_num: 148 S:[3, 7, 50, 39, 60, 53, 13, 5, 14, 145, 9, 114, 161, 104, 57, 34, 75, 71, 182, 59, 143, 81, 36, 55, 200, 27, 103, 68, 74, 64, 198, 156, 184, 154, 21, 32, 31, 116, 139, 123, 107, 10, 173, 92, 35, 61, 132, 56, 122, 192, 126, 141, 28, 33, 91, 133, 6, 42, 19, 85, 84, 150, 23, 18, 158, 2, 54, 171, 151, 179, 80, 99, 52, 44, 194, 109, 159, 138, 30, 20, 124, 48]
init_num: 83 spread_num: 146 S:[3, 7, 50, 39, 60, 53, 13, 5, 14, 145, 9, 114, 161, 104, 57, 34, 75, 71, 182, 59, 143, 81, 36, 55, 200, 27, 103, 68, 74, 64, 198, 156, 184, 154, 21, 32, 31, 116, 139, 123, 107, 10, 173, 92, 35, 61, 132, 56, 122, 192, 126, 141, 28, 33, 91, 133, 6, 42, 19, 85, 84, 150, 23, 18, 158, 2, 54, 171, 151, 179, 80, 99, 52, 44, 194, 109, 159, 138, 30, 20, 124, 48, 15]
init_num: 84 spread_num: 146 S:[3, 7, 50, 39, 60, 53, 13, 5, 14, 145, 9, 114, 161, 104, 57, 34, 75, 71, 182, 59, 143, 81, 36, 55, 200, 27, 103, 68, 74, 64, 198, 156, 184, 154, 21, 32, 31, 116, 139, 123, 107, 10, 173, 92, 35, 61, 132, 56, 122, 192, 126, 141, 28, 33, 91, 133, 6, 42, 19, 85, 84, 150, 23, 18, 158, 2, 54, 171, 151, 179, 80, 99, 52, 44, 194, 109, 159, 138, 30, 20, 124, 48, 15, 111]
init_num: 85 spread_num: 153 S:[3, 7, 50, 39, 60, 53, 13, 5, 14, 145, 9, 114, 161, 104, 57, 34, 75, 71, 182, 59, 143, 81, 36, 55, 200, 27, 103, 68, 74, 64, 198, 156, 184, 154, 21, 32, 31, 116, 139, 123, 107, 10, 173, 92, 35, 61, 132, 56, 122, 192, 126, 141, 28, 33, 91, 133, 6, 42, 19, 85, 84, 150, 23, 18, 158, 2, 54, 171, 151, 179, 80, 99, 52, 44, 194, 109, 159, 138, 30, 20, 124, 48, 15, 111, 187]
init_num: 86 spread_num: 147 S:[3, 7, 50, 39, 60, 53, 13, 5, 14, 145, 9, 114, 161, 104, 57, 34, 75, 71, 182, 59, 143, 81, 36, 55, 200, 27, 103, 68, 74, 64, 198, 156, 184, 154, 21, 32, 31, 116, 139, 123, 107, 10, 173, 92, 35, 61, 132, 56, 122, 192, 126, 141, 28, 33, 91, 133, 6, 42, 19, 85, 84, 150, 23, 18, 158, 2, 54, 171, 151, 179, 80, 99, 52, 44, 194, 109, 159, 138, 30, 20, 124, 48, 15, 111, 187, 106]
init_num: 87 spread_num: 152 S:[3, 7, 50, 39, 60, 53, 13, 5, 14, 145, 9, 114, 161, 104, 57, 34, 75, 71, 182, 59, 143, 81, 36, 55, 200, 27, 103, 68, 74, 64, 198, 156, 184, 154, 21, 32, 31, 116, 139, 123, 107, 10, 173, 92, 35, 61, 132, 56, 122, 192, 126, 141, 28, 33, 91, 133, 6, 42, 19, 85, 84, 150, 23, 18, 158, 2, 54, 171, 151, 179, 80, 99, 52, 44, 194, 109, 159, 138, 30, 20, 124, 48, 15, 111, 187, 106, 117]
init_num: 88 spread_num: 148 S:[3, 7, 50, 39, 60, 53, 13, 5, 14, 145, 9, 114, 161, 104, 57, 34, 75, 71, 182, 59, 143, 81, 36, 55, 200, 27, 103, 68, 74, 64, 198, 156, 184, 154, 21, 32, 31, 116, 139, 123, 107, 10, 173, 92, 35, 61, 132, 56, 122, 192, 126, 141, 28, 33, 91, 133, 6, 42, 19, 85, 84, 150, 23, 18, 158, 2, 54, 171, 151, 179, 80, 99, 52, 44, 194, 109, 159, 138, 30, 20, 124, 48, 15, 111, 187, 106, 117, 172]
init_num: 89 spread_num: 152 S:[3, 7, 50, 39, 60, 53, 13, 5, 14, 145, 9, 114, 161, 104, 57, 34, 75, 71, 182, 59, 143, 81, 36, 55, 200, 27, 103, 68, 74, 64, 198, 156, 184, 154, 21, 32, 31, 116, 139, 123, 107, 10, 173, 92, 35, 61, 132, 56, 122, 192, 126, 141, 28, 33, 91, 133, 6, 42, 19, 85, 84, 150, 23, 18, 158, 2, 54, 171, 151, 179, 80, 99, 52, 44, 194, 109, 159, 138, 30, 20, 124, 48, 15, 111, 187, 106, 117, 172, 160]
init_num: 90 spread_num: 146 S:[3, 7, 50, 39, 60, 53, 13, 5, 14, 145, 9, 114, 161, 104, 57, 34, 75, 71, 182, 59, 143, 81, 36, 55, 200, 27, 103, 68, 74, 64, 198, 156, 184, 154, 21, 32, 31, 116, 139, 123, 107, 10, 173, 92, 35, 61, 132, 56, 122, 192, 126, 141, 28, 33, 91, 133, 6, 42, 19, 85, 84, 150, 23, 18, 158, 2, 54, 171, 151, 179, 80, 99, 52, 44, 194, 109, 159, 138, 30, 20, 124, 48, 15, 111, 187, 106, 117, 172, 160, 102]
init_num: 91 spread_num: 149 S:[3, 7, 50, 39, 60, 53, 13, 5, 14, 145, 9, 114, 161, 104, 57, 34, 75, 71, 182, 59, 143, 81, 36, 55, 200, 27, 103, 68, 74, 64, 198, 156, 184, 154, 21, 32, 31, 116, 139, 123, 107, 10, 173, 92, 35, 61, 132, 56, 122, 192, 126, 141, 28, 33, 91, 133, 6, 42, 19, 85, 84, 150, 23, 18, 158, 2, 54, 171, 151, 179, 80, 99, 52, 44, 194, 109, 159, 138, 30, 20, 124, 48, 15, 111, 187, 106, 117, 172, 160, 102, 63]
init_num: 92 spread_num: 152 S:[3, 7, 50, 39, 60, 53, 13, 5, 14, 145, 9, 114, 161, 104, 57, 34, 75, 71, 182, 59, 143, 81, 36, 55, 200, 27, 103, 68, 74, 64, 198, 156, 184, 154, 21, 32, 31, 116, 139, 123, 107, 10, 173, 92, 35, 61, 132, 56, 122, 192, 126, 141, 28, 33, 91, 133, 6, 42, 19, 85, 84, 150, 23, 18, 158, 2, 54, 171, 151, 179, 80, 99, 52, 44, 194, 109, 159, 138, 30, 20, 124, 48, 15, 111, 187, 106, 117, 172, 160, 102, 63, 17]
init_num: 93 spread_num: 154 S:[3, 7, 50, 39, 60, 53, 13, 5, 14, 145, 9, 114, 161, 104, 57, 34, 75, 71, 182, 59, 143, 81, 36, 55, 200, 27, 103, 68, 74, 64, 198, 156, 184, 154, 21, 32, 31, 116, 139, 123, 107, 10, 173, 92, 35, 61, 132, 56, 122, 192, 126, 141, 28, 33, 91, 133, 6, 42, 19, 85, 84, 150, 23, 18, 158, 2, 54, 171, 151, 179, 80, 99, 52, 44, 194, 109, 159, 138, 30, 20, 124, 48, 15, 111, 187, 106, 117, 172, 160, 102, 63, 17, 155]
init_num: 94 spread_num: 154 S:[3, 7, 50, 39, 60, 53, 13, 5, 14, 145, 9, 114, 161, 104, 57, 34, 75, 71, 182, 59, 143, 81, 36, 55, 200, 27, 103, 68, 74, 64, 198, 156, 184, 154, 21, 32, 31, 116, 139, 123, 107, 10, 173, 92, 35, 61, 132, 56, 122, 192, 126, 141, 28, 33, 91, 133, 6, 42, 19, 85, 84, 150, 23, 18, 158, 2, 54, 171, 151, 179, 80, 99, 52, 44, 194, 109, 159, 138, 30, 20, 124, 48, 15, 111, 187, 106, 117, 172, 160, 102, 63, 17, 155, 127]
init_num: 95 spread_num: 155 S:[3, 7, 50, 39, 60, 53, 13, 5, 14, 145, 9, 114, 161, 104, 57, 34, 75, 71, 182, 59, 143, 81, 36, 55, 200, 27, 103, 68, 74, 64, 198, 156, 184, 154, 21, 32, 31, 116, 139, 123, 107, 10, 173, 92, 35, 61, 132, 56, 122, 192, 126, 141, 28, 33, 91, 133, 6, 42, 19, 85, 84, 150, 23, 18, 158, 2, 54, 171, 151, 179, 80, 99, 52, 44, 194, 109, 159, 138, 30, 20, 124, 48, 15, 111, 187, 106, 117, 172, 160, 102, 63, 17, 155, 127, 157]
init_num: 96 spread_num: 155 S:[3, 7, 50, 39, 60, 53, 13, 5, 14, 145, 9, 114, 161, 104, 57, 34, 75, 71, 182, 59, 143, 81, 36, 55, 200, 27, 103, 68, 74, 64, 198, 156, 184, 154, 21, 32, 31, 116, 139, 123, 107, 10, 173, 92, 35, 61, 132, 56, 122, 192, 126, 141, 28, 33, 91, 133, 6, 42, 19, 85, 84, 150, 23, 18, 158, 2, 54, 171, 151, 179, 80, 99, 52, 44, 194, 109, 159, 138, 30, 20, 124, 48, 15, 111, 187, 106, 117, 172, 160, 102, 63, 17, 155, 127, 157, 128]
init_num: 97 spread_num: 154 S:[3, 7, 50, 39, 60, 53, 13, 5, 14, 145, 9, 114, 161, 104, 57, 34, 75, 71, 182, 59, 143, 81, 36, 55, 200, 27, 103, 68, 74, 64, 198, 156, 184, 154, 21, 32, 31, 116, 139, 123, 107, 10, 173, 92, 35, 61, 132, 56, 122, 192, 126, 141, 28, 33, 91, 133, 6, 42, 19, 85, 84, 150, 23, 18, 158, 2, 54, 171, 151, 179, 80, 99, 52, 44, 194, 109, 159, 138, 30, 20, 124, 48, 15, 111, 187, 106, 117, 172, 160, 102, 63, 17, 155, 127, 157, 128, 118]
init_num: 98 spread_num: 157 S:[3, 7, 50, 39, 60, 53, 13, 5, 14, 145, 9, 114, 161, 104, 57, 34, 75, 71, 182, 59, 143, 81, 36, 55, 200, 27, 103, 68, 74, 64, 198, 156, 184, 154, 21, 32, 31, 116, 139, 123, 107, 10, 173, 92, 35, 61, 132, 56, 122, 192, 126, 141, 28, 33, 91, 133, 6, 42, 19, 85, 84, 150, 23, 18, 158, 2, 54, 171, 151, 179, 80, 99, 52, 44, 194, 109, 159, 138, 30, 20, 124, 48, 15, 111, 187, 106, 117, 172, 160, 102, 63, 17, 155, 127, 157, 128, 118, 190]
init_num: 99 spread_num: 155 S:[3, 7, 50, 39, 60, 53, 13, 5, 14, 145, 9, 114, 161, 104, 57, 34, 75, 71, 182, 59, 143, 81, 36, 55, 200, 27, 103, 68, 74, 64, 198, 156, 184, 154, 21, 32, 31, 116, 139, 123, 107, 10, 173, 92, 35, 61, 132, 56, 122, 192, 126, 141, 28, 33, 91, 133, 6, 42, 19, 85, 84, 150, 23, 18, 158, 2, 54, 171, 151, 179, 80, 99, 52, 44, 194, 109, 159, 138, 30, 20, 124, 48, 15, 111, 187, 106, 117, 172, 160, 102, 63, 17, 155, 127, 157, 128, 118, 190, 73]
init_num: 100 spread_num: 160 S:[3, 7, 50, 39, 60, 53, 13, 5, 14, 145, 9, 114, 161, 104, 57, 34, 75, 71, 182, 59, 143, 81, 36, 55, 200, 27, 103, 68, 74, 64, 198, 156, 184, 154, 21, 32, 31, 116, 139, 123, 107, 10, 173, 92, 35, 61, 132, 56, 122, 192, 126, 141, 28, 33, 91, 133, 6, 42, 19, 85, 84, 150, 23, 18, 158, 2, 54, 171, 151, 179, 80, 99, 52, 44, 194, 109, 159, 138, 30, 20, 124, 48, 15, 111, 187, 106, 117, 172, 160, 102, 63, 17, 155, 127, 157, 128, 118, 190, 73, 26]
init_num: 101 spread_num: 156 S:[3, 7, 50, 39, 60, 53, 13, 5, 14, 145, 9, 114, 161, 104, 57, 34, 75, 71, 182, 59, 143, 81, 36, 55, 200, 27, 103, 68, 74, 64, 198, 156, 184, 154, 21, 32, 31, 116, 139, 123, 107, 10, 173, 92, 35, 61, 132, 56, 122, 192, 126, 141, 28, 33, 91, 133, 6, 42, 19, 85, 84, 150, 23, 18, 158, 2, 54, 171, 151, 179, 80, 99, 52, 44, 194, 109, 159, 138, 30, 20, 124, 48, 15, 111, 187, 106, 117, 172, 160, 102, 63, 17, 155, 127, 157, 128, 118, 190, 73, 26, 4]
init_num: 102 spread_num: 159 S:[3, 7, 50, 39, 60, 53, 13, 5, 14, 145, 9, 114, 161, 104, 57, 34, 75, 71, 182, 59, 143, 81, 36, 55, 200, 27, 103, 68, 74, 64, 198, 156, 184, 154, 21, 32, 31, 116, 139, 123, 107, 10, 173, 92, 35, 61, 132, 56, 122, 192, 126, 141, 28, 33, 91, 133, 6, 42, 19, 85, 84, 150, 23, 18, 158, 2, 54, 171, 151, 179, 80, 99, 52, 44, 194, 109, 159, 138, 30, 20, 124, 48, 15, 111, 187, 106, 117, 172, 160, 102, 63, 17, 155, 127, 157, 128, 118, 190, 73, 26, 4, 97]
init_num: 103 spread_num: 158 S:[3, 7, 50, 39, 60, 53, 13, 5, 14, 145, 9, 114, 161, 104, 57, 34, 75, 71, 182, 59, 143, 81, 36, 55, 200, 27, 103, 68, 74, 64, 198, 156, 184, 154, 21, 32, 31, 116, 139, 123, 107, 10, 173, 92, 35, 61, 132, 56, 122, 192, 126, 141, 28, 33, 91, 133, 6, 42, 19, 85, 84, 150, 23, 18, 158, 2, 54, 171, 151, 179, 80, 99, 52, 44, 194, 109, 159, 138, 30, 20, 124, 48, 15, 111, 187, 106, 117, 172, 160, 102, 63, 17, 155, 127, 157, 128, 118, 190, 73, 26, 4, 97, 153]
init_num: 104 spread_num: 159 S:[3, 7, 50, 39, 60, 53, 13, 5, 14, 145, 9, 114, 161, 104, 57, 34, 75, 71, 182, 59, 143, 81, 36, 55, 200, 27, 103, 68, 74, 64, 198, 156, 184, 154, 21, 32, 31, 116, 139, 123, 107, 10, 173, 92, 35, 61, 132, 56, 122, 192, 126, 141, 28, 33, 91, 133, 6, 42, 19, 85, 84, 150, 23, 18, 158, 2, 54, 171, 151, 179, 80, 99, 52, 44, 194, 109, 159, 138, 30, 20, 124, 48, 15, 111, 187, 106, 117, 172, 160, 102, 63, 17, 155, 127, 157, 128, 118, 190, 73, 26, 4, 97, 153, 22]
init_num: 105 spread_num: 158 S:[3, 7, 50, 39, 60, 53, 13, 5, 14, 145, 9, 114, 161, 104, 57, 34, 75, 71, 182, 59, 143, 81, 36, 55, 200, 27, 103, 68, 74, 64, 198, 156, 184, 154, 21, 32, 31, 116, 139, 123, 107, 10, 173, 92, 35, 61, 132, 56, 122, 192, 126, 141, 28, 33, 91, 133, 6, 42, 19, 85, 84, 150, 23, 18, 158, 2, 54, 171, 151, 179, 80, 99, 52, 44, 194, 109, 159, 138, 30, 20, 124, 48, 15, 111, 187, 106, 117, 172, 160, 102, 63, 17, 155, 127, 157, 128, 118, 190, 73, 26, 4, 97, 153, 22, 142]
init_num: 106 spread_num: 161 S:[3, 7, 50, 39, 60, 53, 13, 5, 14, 145, 9, 114, 161, 104, 57, 34, 75, 71, 182, 59, 143, 81, 36, 55, 200, 27, 103, 68, 74, 64, 198, 156, 184, 154, 21, 32, 31, 116, 139, 123, 107, 10, 173, 92, 35, 61, 132, 56, 122, 192, 126, 141, 28, 33, 91, 133, 6, 42, 19, 85, 84, 150, 23, 18, 158, 2, 54, 171, 151, 179, 80, 99, 52, 44, 194, 109, 159, 138, 30, 20, 124, 48, 15, 111, 187, 106, 117, 172, 160, 102, 63, 17, 155, 127, 157, 128, 118, 190, 73, 26, 4, 97, 153, 22, 142, 188]
init_num: 107 spread_num: 157 S:[3, 7, 50, 39, 60, 53, 13, 5, 14, 145, 9, 114, 161, 104, 57, 34, 75, 71, 182, 59, 143, 81, 36, 55, 200, 27, 103, 68, 74, 64, 198, 156, 184, 154, 21, 32, 31, 116, 139, 123, 107, 10, 173, 92, 35, 61, 132, 56, 122, 192, 126, 141, 28, 33, 91, 133, 6, 42, 19, 85, 84, 150, 23, 18, 158, 2, 54, 171, 151, 179, 80, 99, 52, 44, 194, 109, 159, 138, 30, 20, 124, 48, 15, 111, 187, 106, 117, 172, 160, 102, 63, 17, 155, 127, 157, 128, 118, 190, 73, 26, 4, 97, 153, 22, 142, 188, 65]
init_num: 108 spread_num: 162 S:[3, 7, 50, 39, 60, 53, 13, 5, 14, 145, 9, 114, 161, 104, 57, 34, 75, 71, 182, 59, 143, 81, 36, 55, 200, 27, 103, 68, 74, 64, 198, 156, 184, 154, 21, 32, 31, 116, 139, 123, 107, 10, 173, 92, 35, 61, 132, 56, 122, 192, 126, 141, 28, 33, 91, 133, 6, 42, 19, 85, 84, 150, 23, 18, 158, 2, 54, 171, 151, 179, 80, 99, 52, 44, 194, 109, 159, 138, 30, 20, 124, 48, 15, 111, 187, 106, 117, 172, 160, 102, 63, 17, 155, 127, 157, 128, 118, 190, 73, 26, 4, 97, 153, 22, 142, 188, 65, 12]
init_num: 109 spread_num: 166 S:[3, 7, 50, 39, 60, 53, 13, 5, 14, 145, 9, 114, 161, 104, 57, 34, 75, 71, 182, 59, 143, 81, 36, 55, 200, 27, 103, 68, 74, 64, 198, 156, 184, 154, 21, 32, 31, 116, 139, 123, 107, 10, 173, 92, 35, 61, 132, 56, 122, 192, 126, 141, 28, 33, 91, 133, 6, 42, 19, 85, 84, 150, 23, 18, 158, 2, 54, 171, 151, 179, 80, 99, 52, 44, 194, 109, 159, 138, 30, 20, 124, 48, 15, 111, 187, 106, 117, 172, 160, 102, 63, 17, 155, 127, 157, 128, 118, 190, 73, 26, 4, 97, 153, 22, 142, 188, 65, 12, 98]
init_num: 110 spread_num: 167 S:[3, 7, 50, 39, 60, 53, 13, 5, 14, 145, 9, 114, 161, 104, 57, 34, 75, 71, 182, 59, 143, 81, 36, 55, 200, 27, 103, 68, 74, 64, 198, 156, 184, 154, 21, 32, 31, 116, 139, 123, 107, 10, 173, 92, 35, 61, 132, 56, 122, 192, 126, 141, 28, 33, 91, 133, 6, 42, 19, 85, 84, 150, 23, 18, 158, 2, 54, 171, 151, 179, 80, 99, 52, 44, 194, 109, 159, 138, 30, 20, 124, 48, 15, 111, 187, 106, 117, 172, 160, 102, 63, 17, 155, 127, 157, 128, 118, 190, 73, 26, 4, 97, 153, 22, 142, 188, 65, 12, 98, 46]
init_num: 111 spread_num: 165 S:[3, 7, 50, 39, 60, 53, 13, 5, 14, 145, 9, 114, 161, 104, 57, 34, 75, 71, 182, 59, 143, 81, 36, 55, 200, 27, 103, 68, 74, 64, 198, 156, 184, 154, 21, 32, 31, 116, 139, 123, 107, 10, 173, 92, 35, 61, 132, 56, 122, 192, 126, 141, 28, 33, 91, 133, 6, 42, 19, 85, 84, 150, 23, 18, 158, 2, 54, 171, 151, 179, 80, 99, 52, 44, 194, 109, 159, 138, 30, 20, 124, 48, 15, 111, 187, 106, 117, 172, 160, 102, 63, 17, 155, 127, 157, 128, 118, 190, 73, 26, 4, 97, 153, 22, 142, 188, 65, 12, 98, 46, 29]
init_num: 112 spread_num: 166 S:[3, 7, 50, 39, 60, 53, 13, 5, 14, 145, 9, 114, 161, 104, 57, 34, 75, 71, 182, 59, 143, 81, 36, 55, 200, 27, 103, 68, 74, 64, 198, 156, 184, 154, 21, 32, 31, 116, 139, 123, 107, 10, 173, 92, 35, 61, 132, 56, 122, 192, 126, 141, 28, 33, 91, 133, 6, 42, 19, 85, 84, 150, 23, 18, 158, 2, 54, 171, 151, 179, 80, 99, 52, 44, 194, 109, 159, 138, 30, 20, 124, 48, 15, 111, 187, 106, 117, 172, 160, 102, 63, 17, 155, 127, 157, 128, 118, 190, 73, 26, 4, 97, 153, 22, 142, 188, 65, 12, 98, 46, 29, 72]
init_num: 113 spread_num: 172 S:[3, 7, 50, 39, 60, 53, 13, 5, 14, 145, 9, 114, 161, 104, 57, 34, 75, 71, 182, 59, 143, 81, 36, 55, 200, 27, 103, 68, 74, 64, 198, 156, 184, 154, 21, 32, 31, 116, 139, 123, 107, 10, 173, 92, 35, 61, 132, 56, 122, 192, 126, 141, 28, 33, 91, 133, 6, 42, 19, 85, 84, 150, 23, 18, 158, 2, 54, 171, 151, 179, 80, 99, 52, 44, 194, 109, 159, 138, 30, 20, 124, 48, 15, 111, 187, 106, 117, 172, 160, 102, 63, 17, 155, 127, 157, 128, 118, 190, 73, 26, 4, 97, 153, 22, 142, 188, 65, 12, 98, 46, 29, 72, 169]
init_num: 114 spread_num: 168 S:[3, 7, 50, 39, 60, 53, 13, 5, 14, 145, 9, 114, 161, 104, 57, 34, 75, 71, 182, 59, 143, 81, 36, 55, 200, 27, 103, 68, 74, 64, 198, 156, 184, 154, 21, 32, 31, 116, 139, 123, 107, 10, 173, 92, 35, 61, 132, 56, 122, 192, 126, 141, 28, 33, 91, 133, 6, 42, 19, 85, 84, 150, 23, 18, 158, 2, 54, 171, 151, 179, 80, 99, 52, 44, 194, 109, 159, 138, 30, 20, 124, 48, 15, 111, 187, 106, 117, 172, 160, 102, 63, 17, 155, 127, 157, 128, 118, 190, 73, 26, 4, 97, 153, 22, 142, 188, 65, 12, 98, 46, 29, 72, 169, 90]
init_num: 115 spread_num: 172 S:[3, 7, 50, 39, 60, 53, 13, 5, 14, 145, 9, 114, 161, 104, 57, 34, 75, 71, 182, 59, 143, 81, 36, 55, 200, 27, 103, 68, 74, 64, 198, 156, 184, 154, 21, 32, 31, 116, 139, 123, 107, 10, 173, 92, 35, 61, 132, 56, 122, 192, 126, 141, 28, 33, 91, 133, 6, 42, 19, 85, 84, 150, 23, 18, 158, 2, 54, 171, 151, 179, 80, 99, 52, 44, 194, 109, 159, 138, 30, 20, 124, 48, 15, 111, 187, 106, 117, 172, 160, 102, 63, 17, 155, 127, 157, 128, 118, 190, 73, 26, 4, 97, 153, 22, 142, 188, 65, 12, 98, 46, 29, 72, 169, 90, 0]
init_num: 116 spread_num: 171 S:[3, 7, 50, 39, 60, 53, 13, 5, 14, 145, 9, 114, 161, 104, 57, 34, 75, 71, 182, 59, 143, 81, 36, 55, 200, 27, 103, 68, 74, 64, 198, 156, 184, 154, 21, 32, 31, 116, 139, 123, 107, 10, 173, 92, 35, 61, 132, 56, 122, 192, 126, 141, 28, 33, 91, 133, 6, 42, 19, 85, 84, 150, 23, 18, 158, 2, 54, 171, 151, 179, 80, 99, 52, 44, 194, 109, 159, 138, 30, 20, 124, 48, 15, 111, 187, 106, 117, 172, 160, 102, 63, 17, 155, 127, 157, 128, 118, 190, 73, 26, 4, 97, 153, 22, 142, 188, 65, 12, 98, 46, 29, 72, 169, 90, 0, 125]
init_num: 117 spread_num: 170 S:[3, 7, 50, 39, 60, 53, 13, 5, 14, 145, 9, 114, 161, 104, 57, 34, 75, 71, 182, 59, 143, 81, 36, 55, 200, 27, 103, 68, 74, 64, 198, 156, 184, 154, 21, 32, 31, 116, 139, 123, 107, 10, 173, 92, 35, 61, 132, 56, 122, 192, 126, 141, 28, 33, 91, 133, 6, 42, 19, 85, 84, 150, 23, 18, 158, 2, 54, 171, 151, 179, 80, 99, 52, 44, 194, 109, 159, 138, 30, 20, 124, 48, 15, 111, 187, 106, 117, 172, 160, 102, 63, 17, 155, 127, 157, 128, 118, 190, 73, 26, 4, 97, 153, 22, 142, 188, 65, 12, 98, 46, 29, 72, 169, 90, 0, 125, 51]
init_num: 118 spread_num: 173 S:[3, 7, 50, 39, 60, 53, 13, 5, 14, 145, 9, 114, 161, 104, 57, 34, 75, 71, 182, 59, 143, 81, 36, 55, 200, 27, 103, 68, 74, 64, 198, 156, 184, 154, 21, 32, 31, 116, 139, 123, 107, 10, 173, 92, 35, 61, 132, 56, 122, 192, 126, 141, 28, 33, 91, 133, 6, 42, 19, 85, 84, 150, 23, 18, 158, 2, 54, 171, 151, 179, 80, 99, 52, 44, 194, 109, 159, 138, 30, 20, 124, 48, 15, 111, 187, 106, 117, 172, 160, 102, 63, 17, 155, 127, 157, 128, 118, 190, 73, 26, 4, 97, 153, 22, 142, 188, 65, 12, 98, 46, 29, 72, 169, 90, 0, 125, 51, 83]
init_num: 119 spread_num: 173 S:[3, 7, 50, 39, 60, 53, 13, 5, 14, 145, 9, 114, 161, 104, 57, 34, 75, 71, 182, 59, 143, 81, 36, 55, 200, 27, 103, 68, 74, 64, 198, 156, 184, 154, 21, 32, 31, 116, 139, 123, 107, 10, 173, 92, 35, 61, 132, 56, 122, 192, 126, 141, 28, 33, 91, 133, 6, 42, 19, 85, 84, 150, 23, 18, 158, 2, 54, 171, 151, 179, 80, 99, 52, 44, 194, 109, 159, 138, 30, 20, 124, 48, 15, 111, 187, 106, 117, 172, 160, 102, 63, 17, 155, 127, 157, 128, 118, 190, 73, 26, 4, 97, 153, 22, 142, 188, 65, 12, 98, 46, 29, 72, 169, 90, 0, 125, 51, 83, 69]
init_num: 120 spread_num: 172 S:[3, 7, 50, 39, 60, 53, 13, 5, 14, 145, 9, 114, 161, 104, 57, 34, 75, 71, 182, 59, 143, 81, 36, 55, 200, 27, 103, 68, 74, 64, 198, 156, 184, 154, 21, 32, 31, 116, 139, 123, 107, 10, 173, 92, 35, 61, 132, 56, 122, 192, 126, 141, 28, 33, 91, 133, 6, 42, 19, 85, 84, 150, 23, 18, 158, 2, 54, 171, 151, 179, 80, 99, 52, 44, 194, 109, 159, 138, 30, 20, 124, 48, 15, 111, 187, 106, 117, 172, 160, 102, 63, 17, 155, 127, 157, 128, 118, 190, 73, 26, 4, 97, 153, 22, 142, 188, 65, 12, 98, 46, 29, 72, 169, 90, 0, 125, 51, 83, 69, 197]
init_num: 121 spread_num: 175 S:[3, 7, 50, 39, 60, 53, 13, 5, 14, 145, 9, 114, 161, 104, 57, 34, 75, 71, 182, 59, 143, 81, 36, 55, 200, 27, 103, 68, 74, 64, 198, 156, 184, 154, 21, 32, 31, 116, 139, 123, 107, 10, 173, 92, 35, 61, 132, 56, 122, 192, 126, 141, 28, 33, 91, 133, 6, 42, 19, 85, 84, 150, 23, 18, 158, 2, 54, 171, 151, 179, 80, 99, 52, 44, 194, 109, 159, 138, 30, 20, 124, 48, 15, 111, 187, 106, 117, 172, 160, 102, 63, 17, 155, 127, 157, 128, 118, 190, 73, 26, 4, 97, 153, 22, 142, 188, 65, 12, 98, 46, 29, 72, 169, 90, 0, 125, 51, 83, 69, 197, 191]
init_num: 122 spread_num: 175 S:[3, 7, 50, 39, 60, 53, 13, 5, 14, 145, 9, 114, 161, 104, 57, 34, 75, 71, 182, 59, 143, 81, 36, 55, 200, 27, 103, 68, 74, 64, 198, 156, 184, 154, 21, 32, 31, 116, 139, 123, 107, 10, 173, 92, 35, 61, 132, 56, 122, 192, 126, 141, 28, 33, 91, 133, 6, 42, 19, 85, 84, 150, 23, 18, 158, 2, 54, 171, 151, 179, 80, 99, 52, 44, 194, 109, 159, 138, 30, 20, 124, 48, 15, 111, 187, 106, 117, 172, 160, 102, 63, 17, 155, 127, 157, 128, 118, 190, 73, 26, 4, 97, 153, 22, 142, 188, 65, 12, 98, 46, 29, 72, 169, 90, 0, 125, 51, 83, 69, 197, 191, 62]
init_num: 123 spread_num: 175 S:[3, 7, 50, 39, 60, 53, 13, 5, 14, 145, 9, 114, 161, 104, 57, 34, 75, 71, 182, 59, 143, 81, 36, 55, 200, 27, 103, 68, 74, 64, 198, 156, 184, 154, 21, 32, 31, 116, 139, 123, 107, 10, 173, 92, 35, 61, 132, 56, 122, 192, 126, 141, 28, 33, 91, 133, 6, 42, 19, 85, 84, 150, 23, 18, 158, 2, 54, 171, 151, 179, 80, 99, 52, 44, 194, 109, 159, 138, 30, 20, 124, 48, 15, 111, 187, 106, 117, 172, 160, 102, 63, 17, 155, 127, 157, 128, 118, 190, 73, 26, 4, 97, 153, 22, 142, 188, 65, 12, 98, 46, 29, 72, 169, 90, 0, 125, 51, 83, 69, 197, 191, 62, 170]
init_num: 124 spread_num: 180 S:[3, 7, 50, 39, 60, 53, 13, 5, 14, 145, 9, 114, 161, 104, 57, 34, 75, 71, 182, 59, 143, 81, 36, 55, 200, 27, 103, 68, 74, 64, 198, 156, 184, 154, 21, 32, 31, 116, 139, 123, 107, 10, 173, 92, 35, 61, 132, 56, 122, 192, 126, 141, 28, 33, 91, 133, 6, 42, 19, 85, 84, 150, 23, 18, 158, 2, 54, 171, 151, 179, 80, 99, 52, 44, 194, 109, 159, 138, 30, 20, 124, 48, 15, 111, 187, 106, 117, 172, 160, 102, 63, 17, 155, 127, 157, 128, 118, 190, 73, 26, 4, 97, 153, 22, 142, 188, 65, 12, 98, 46, 29, 72, 169, 90, 0, 125, 51, 83, 69, 197, 191, 62, 170, 1]
init_num: 125 spread_num: 175 S:[3, 7, 50, 39, 60, 53, 13, 5, 14, 145, 9, 114, 161, 104, 57, 34, 75, 71, 182, 59, 143, 81, 36, 55, 200, 27, 103, 68, 74, 64, 198, 156, 184, 154, 21, 32, 31, 116, 139, 123, 107, 10, 173, 92, 35, 61, 132, 56, 122, 192, 126, 141, 28, 33, 91, 133, 6, 42, 19, 85, 84, 150, 23, 18, 158, 2, 54, 171, 151, 179, 80, 99, 52, 44, 194, 109, 159, 138, 30, 20, 124, 48, 15, 111, 187, 106, 117, 172, 160, 102, 63, 17, 155, 127, 157, 128, 118, 190, 73, 26, 4, 97, 153, 22, 142, 188, 65, 12, 98, 46, 29, 72, 169, 90, 0, 125, 51, 83, 69, 197, 191, 62, 170, 1, 37]
init_num: 126 spread_num: 172 S:[3, 7, 50, 39, 60, 53, 13, 5, 14, 145, 9, 114, 161, 104, 57, 34, 75, 71, 182, 59, 143, 81, 36, 55, 200, 27, 103, 68, 74, 64, 198, 156, 184, 154, 21, 32, 31, 116, 139, 123, 107, 10, 173, 92, 35, 61, 132, 56, 122, 192, 126, 141, 28, 33, 91, 133, 6, 42, 19, 85, 84, 150, 23, 18, 158, 2, 54, 171, 151, 179, 80, 99, 52, 44, 194, 109, 159, 138, 30, 20, 124, 48, 15, 111, 187, 106, 117, 172, 160, 102, 63, 17, 155, 127, 157, 128, 118, 190, 73, 26, 4, 97, 153, 22, 142, 188, 65, 12, 98, 46, 29, 72, 169, 90, 0, 125, 51, 83, 69, 197, 191, 62, 170, 1, 37, 167]
init_num: 127 spread_num: 177 S:[3, 7, 50, 39, 60, 53, 13, 5, 14, 145, 9, 114, 161, 104, 57, 34, 75, 71, 182, 59, 143, 81, 36, 55, 200, 27, 103, 68, 74, 64, 198, 156, 184, 154, 21, 32, 31, 116, 139, 123, 107, 10, 173, 92, 35, 61, 132, 56, 122, 192, 126, 141, 28, 33, 91, 133, 6, 42, 19, 85, 84, 150, 23, 18, 158, 2, 54, 171, 151, 179, 80, 99, 52, 44, 194, 109, 159, 138, 30, 20, 124, 48, 15, 111, 187, 106, 117, 172, 160, 102, 63, 17, 155, 127, 157, 128, 118, 190, 73, 26, 4, 97, 153, 22, 142, 188, 65, 12, 98, 46, 29, 72, 169, 90, 0, 125, 51, 83, 69, 197, 191, 62, 170, 1, 37, 167, 58]
init_num: 128 spread_num: 177 S:[3, 7, 50, 39, 60, 53, 13, 5, 14, 145, 9, 114, 161, 104, 57, 34, 75, 71, 182, 59, 143, 81, 36, 55, 200, 27, 103, 68, 74, 64, 198, 156, 184, 154, 21, 32, 31, 116, 139, 123, 107, 10, 173, 92, 35, 61, 132, 56, 122, 192, 126, 141, 28, 33, 91, 133, 6, 42, 19, 85, 84, 150, 23, 18, 158, 2, 54, 171, 151, 179, 80, 99, 52, 44, 194, 109, 159, 138, 30, 20, 124, 48, 15, 111, 187, 106, 117, 172, 160, 102, 63, 17, 155, 127, 157, 128, 118, 190, 73, 26, 4, 97, 153, 22, 142, 188, 65, 12, 98, 46, 29, 72, 169, 90, 0, 125, 51, 83, 69, 197, 191, 62, 170, 1, 37, 167, 58, 199]
init_num: 129 spread_num: 174 S:[3, 7, 50, 39, 60, 53, 13, 5, 14, 145, 9, 114, 161, 104, 57, 34, 75, 71, 182, 59, 143, 81, 36, 55, 200, 27, 103, 68, 74, 64, 198, 156, 184, 154, 21, 32, 31, 116, 139, 123, 107, 10, 173, 92, 35, 61, 132, 56, 122, 192, 126, 141, 28, 33, 91, 133, 6, 42, 19, 85, 84, 150, 23, 18, 158, 2, 54, 171, 151, 179, 80, 99, 52, 44, 194, 109, 159, 138, 30, 20, 124, 48, 15, 111, 187, 106, 117, 172, 160, 102, 63, 17, 155, 127, 157, 128, 118, 190, 73, 26, 4, 97, 153, 22, 142, 188, 65, 12, 98, 46, 29, 72, 169, 90, 0, 125, 51, 83, 69, 197, 191, 62, 170, 1, 37, 167, 58, 199, 144]
init_num: 130 spread_num: 179 S:[3, 7, 50, 39, 60, 53, 13, 5, 14, 145, 9, 114, 161, 104, 57, 34, 75, 71, 182, 59, 143, 81, 36, 55, 200, 27, 103, 68, 74, 64, 198, 156, 184, 154, 21, 32, 31, 116, 139, 123, 107, 10, 173, 92, 35, 61, 132, 56, 122, 192, 126, 141, 28, 33, 91, 133, 6, 42, 19, 85, 84, 150, 23, 18, 158, 2, 54, 171, 151, 179, 80, 99, 52, 44, 194, 109, 159, 138, 30, 20, 124, 48, 15, 111, 187, 106, 117, 172, 160, 102, 63, 17, 155, 127, 157, 128, 118, 190, 73, 26, 4, 97, 153, 22, 142, 188, 65, 12, 98, 46, 29, 72, 169, 90, 0, 125, 51, 83, 69, 197, 191, 62, 170, 1, 37, 167, 58, 199, 144, 40]
init_num: 131 spread_num: 179 S:[3, 7, 50, 39, 60, 53, 13, 5, 14, 145, 9, 114, 161, 104, 57, 34, 75, 71, 182, 59, 143, 81, 36, 55, 200, 27, 103, 68, 74, 64, 198, 156, 184, 154, 21, 32, 31, 116, 139, 123, 107, 10, 173, 92, 35, 61, 132, 56, 122, 192, 126, 141, 28, 33, 91, 133, 6, 42, 19, 85, 84, 150, 23, 18, 158, 2, 54, 171, 151, 179, 80, 99, 52, 44, 194, 109, 159, 138, 30, 20, 124, 48, 15, 111, 187, 106, 117, 172, 160, 102, 63, 17, 155, 127, 157, 128, 118, 190, 73, 26, 4, 97, 153, 22, 142, 188, 65, 12, 98, 46, 29, 72, 169, 90, 0, 125, 51, 83, 69, 197, 191, 62, 170, 1, 37, 167, 58, 199, 144, 40, 47]
init_num: 132 spread_num: 179 S:[3, 7, 50, 39, 60, 53, 13, 5, 14, 145, 9, 114, 161, 104, 57, 34, 75, 71, 182, 59, 143, 81, 36, 55, 200, 27, 103, 68, 74, 64, 198, 156, 184, 154, 21, 32, 31, 116, 139, 123, 107, 10, 173, 92, 35, 61, 132, 56, 122, 192, 126, 141, 28, 33, 91, 133, 6, 42, 19, 85, 84, 150, 23, 18, 158, 2, 54, 171, 151, 179, 80, 99, 52, 44, 194, 109, 159, 138, 30, 20, 124, 48, 15, 111, 187, 106, 117, 172, 160, 102, 63, 17, 155, 127, 157, 128, 118, 190, 73, 26, 4, 97, 153, 22, 142, 188, 65, 12, 98, 46, 29, 72, 169, 90, 0, 125, 51, 83, 69, 197, 191, 62, 170, 1, 37, 167, 58, 199, 144, 40, 47, 88]
init_num: 133 spread_num: 178 S:[3, 7, 50, 39, 60, 53, 13, 5, 14, 145, 9, 114, 161, 104, 57, 34, 75, 71, 182, 59, 143, 81, 36, 55, 200, 27, 103, 68, 74, 64, 198, 156, 184, 154, 21, 32, 31, 116, 139, 123, 107, 10, 173, 92, 35, 61, 132, 56, 122, 192, 126, 141, 28, 33, 91, 133, 6, 42, 19, 85, 84, 150, 23, 18, 158, 2, 54, 171, 151, 179, 80, 99, 52, 44, 194, 109, 159, 138, 30, 20, 124, 48, 15, 111, 187, 106, 117, 172, 160, 102, 63, 17, 155, 127, 157, 128, 118, 190, 73, 26, 4, 97, 153, 22, 142, 188, 65, 12, 98, 46, 29, 72, 169, 90, 0, 125, 51, 83, 69, 197, 191, 62, 170, 1, 37, 167, 58, 199, 144, 40, 47, 88, 49]
init_num: 134 spread_num: 180 S:[3, 7, 50, 39, 60, 53, 13, 5, 14, 145, 9, 114, 161, 104, 57, 34, 75, 71, 182, 59, 143, 81, 36, 55, 200, 27, 103, 68, 74, 64, 198, 156, 184, 154, 21, 32, 31, 116, 139, 123, 107, 10, 173, 92, 35, 61, 132, 56, 122, 192, 126, 141, 28, 33, 91, 133, 6, 42, 19, 85, 84, 150, 23, 18, 158, 2, 54, 171, 151, 179, 80, 99, 52, 44, 194, 109, 159, 138, 30, 20, 124, 48, 15, 111, 187, 106, 117, 172, 160, 102, 63, 17, 155, 127, 157, 128, 118, 190, 73, 26, 4, 97, 153, 22, 142, 188, 65, 12, 98, 46, 29, 72, 169, 90, 0, 125, 51, 83, 69, 197, 191, 62, 170, 1, 37, 167, 58, 199, 144, 40, 47, 88, 49, 129]
init_num: 135 spread_num: 180 S:[3, 7, 50, 39, 60, 53, 13, 5, 14, 145, 9, 114, 161, 104, 57, 34, 75, 71, 182, 59, 143, 81, 36, 55, 200, 27, 103, 68, 74, 64, 198, 156, 184, 154, 21, 32, 31, 116, 139, 123, 107, 10, 173, 92, 35, 61, 132, 56, 122, 192, 126, 141, 28, 33, 91, 133, 6, 42, 19, 85, 84, 150, 23, 18, 158, 2, 54, 171, 151, 179, 80, 99, 52, 44, 194, 109, 159, 138, 30, 20, 124, 48, 15, 111, 187, 106, 117, 172, 160, 102, 63, 17, 155, 127, 157, 128, 118, 190, 73, 26, 4, 97, 153, 22, 142, 188, 65, 12, 98, 46, 29, 72, 169, 90, 0, 125, 51, 83, 69, 197, 191, 62, 170, 1, 37, 167, 58, 199, 144, 40, 47, 88, 49, 129, 134]
init_num: 136 spread_num: 185 S:[3, 7, 50, 39, 60, 53, 13, 5, 14, 145, 9, 114, 161, 104, 57, 34, 75, 71, 182, 59, 143, 81, 36, 55, 200, 27, 103, 68, 74, 64, 198, 156, 184, 154, 21, 32, 31, 116, 139, 123, 107, 10, 173, 92, 35, 61, 132, 56, 122, 192, 126, 141, 28, 33, 91, 133, 6, 42, 19, 85, 84, 150, 23, 18, 158, 2, 54, 171, 151, 179, 80, 99, 52, 44, 194, 109, 159, 138, 30, 20, 124, 48, 15, 111, 187, 106, 117, 172, 160, 102, 63, 17, 155, 127, 157, 128, 118, 190, 73, 26, 4, 97, 153, 22, 142, 188, 65, 12, 98, 46, 29, 72, 169, 90, 0, 125, 51, 83, 69, 197, 191, 62, 170, 1, 37, 167, 58, 199, 144, 40, 47, 88, 49, 129, 134, 181]
init_num: 137 spread_num: 181 S:[3, 7, 50, 39, 60, 53, 13, 5, 14, 145, 9, 114, 161, 104, 57, 34, 75, 71, 182, 59, 143, 81, 36, 55, 200, 27, 103, 68, 74, 64, 198, 156, 184, 154, 21, 32, 31, 116, 139, 123, 107, 10, 173, 92, 35, 61, 132, 56, 122, 192, 126, 141, 28, 33, 91, 133, 6, 42, 19, 85, 84, 150, 23, 18, 158, 2, 54, 171, 151, 179, 80, 99, 52, 44, 194, 109, 159, 138, 30, 20, 124, 48, 15, 111, 187, 106, 117, 172, 160, 102, 63, 17, 155, 127, 157, 128, 118, 190, 73, 26, 4, 97, 153, 22, 142, 188, 65, 12, 98, 46, 29, 72, 169, 90, 0, 125, 51, 83, 69, 197, 191, 62, 170, 1, 37, 167, 58, 199, 144, 40, 47, 88, 49, 129, 134, 181, 112]
init_num: 138 spread_num: 181 S:[3, 7, 50, 39, 60, 53, 13, 5, 14, 145, 9, 114, 161, 104, 57, 34, 75, 71, 182, 59, 143, 81, 36, 55, 200, 27, 103, 68, 74, 64, 198, 156, 184, 154, 21, 32, 31, 116, 139, 123, 107, 10, 173, 92, 35, 61, 132, 56, 122, 192, 126, 141, 28, 33, 91, 133, 6, 42, 19, 85, 84, 150, 23, 18, 158, 2, 54, 171, 151, 179, 80, 99, 52, 44, 194, 109, 159, 138, 30, 20, 124, 48, 15, 111, 187, 106, 117, 172, 160, 102, 63, 17, 155, 127, 157, 128, 118, 190, 73, 26, 4, 97, 153, 22, 142, 188, 65, 12, 98, 46, 29, 72, 169, 90, 0, 125, 51, 83, 69, 197, 191, 62, 170, 1, 37, 167, 58, 199, 144, 40, 47, 88, 49, 129, 134, 181, 112, 79]
init_num: 139 spread_num: 185 S:[3, 7, 50, 39, 60, 53, 13, 5, 14, 145, 9, 114, 161, 104, 57, 34, 75, 71, 182, 59, 143, 81, 36, 55, 200, 27, 103, 68, 74, 64, 198, 156, 184, 154, 21, 32, 31, 116, 139, 123, 107, 10, 173, 92, 35, 61, 132, 56, 122, 192, 126, 141, 28, 33, 91, 133, 6, 42, 19, 85, 84, 150, 23, 18, 158, 2, 54, 171, 151, 179, 80, 99, 52, 44, 194, 109, 159, 138, 30, 20, 124, 48, 15, 111, 187, 106, 117, 172, 160, 102, 63, 17, 155, 127, 157, 128, 118, 190, 73, 26, 4, 97, 153, 22, 142, 188, 65, 12, 98, 46, 29, 72, 169, 90, 0, 125, 51, 83, 69, 197, 191, 62, 170, 1, 37, 167, 58, 199, 144, 40, 47, 88, 49, 129, 134, 181, 112, 79, 100]
init_num: 140 spread_num: 184 S:[3, 7, 50, 39, 60, 53, 13, 5, 14, 145, 9, 114, 161, 104, 57, 34, 75, 71, 182, 59, 143, 81, 36, 55, 200, 27, 103, 68, 74, 64, 198, 156, 184, 154, 21, 32, 31, 116, 139, 123, 107, 10, 173, 92, 35, 61, 132, 56, 122, 192, 126, 141, 28, 33, 91, 133, 6, 42, 19, 85, 84, 150, 23, 18, 158, 2, 54, 171, 151, 179, 80, 99, 52, 44, 194, 109, 159, 138, 30, 20, 124, 48, 15, 111, 187, 106, 117, 172, 160, 102, 63, 17, 155, 127, 157, 128, 118, 190, 73, 26, 4, 97, 153, 22, 142, 188, 65, 12, 98, 46, 29, 72, 169, 90, 0, 125, 51, 83, 69, 197, 191, 62, 170, 1, 37, 167, 58, 199, 144, 40, 47, 88, 49, 129, 134, 181, 112, 79, 100, 43]
init_num: 141 spread_num: 185 S:[3, 7, 50, 39, 60, 53, 13, 5, 14, 145, 9, 114, 161, 104, 57, 34, 75, 71, 182, 59, 143, 81, 36, 55, 200, 27, 103, 68, 74, 64, 198, 156, 184, 154, 21, 32, 31, 116, 139, 123, 107, 10, 173, 92, 35, 61, 132, 56, 122, 192, 126, 141, 28, 33, 91, 133, 6, 42, 19, 85, 84, 150, 23, 18, 158, 2, 54, 171, 151, 179, 80, 99, 52, 44, 194, 109, 159, 138, 30, 20, 124, 48, 15, 111, 187, 106, 117, 172, 160, 102, 63, 17, 155, 127, 157, 128, 118, 190, 73, 26, 4, 97, 153, 22, 142, 188, 65, 12, 98, 46, 29, 72, 169, 90, 0, 125, 51, 83, 69, 197, 191, 62, 170, 1, 37, 167, 58, 199, 144, 40, 47, 88, 49, 129, 134, 181, 112, 79, 100, 43, 140]
init_num: 142 spread_num: 185 S:[3, 7, 50, 39, 60, 53, 13, 5, 14, 145, 9, 114, 161, 104, 57, 34, 75, 71, 182, 59, 143, 81, 36, 55, 200, 27, 103, 68, 74, 64, 198, 156, 184, 154, 21, 32, 31, 116, 139, 123, 107, 10, 173, 92, 35, 61, 132, 56, 122, 192, 126, 141, 28, 33, 91, 133, 6, 42, 19, 85, 84, 150, 23, 18, 158, 2, 54, 171, 151, 179, 80, 99, 52, 44, 194, 109, 159, 138, 30, 20, 124, 48, 15, 111, 187, 106, 117, 172, 160, 102, 63, 17, 155, 127, 157, 128, 118, 190, 73, 26, 4, 97, 153, 22, 142, 188, 65, 12, 98, 46, 29, 72, 169, 90, 0, 125, 51, 83, 69, 197, 191, 62, 170, 1, 37, 167, 58, 199, 144, 40, 47, 88, 49, 129, 134, 181, 112, 79, 100, 43, 140, 120]
init_num: 143 spread_num: 183 S:[3, 7, 50, 39, 60, 53, 13, 5, 14, 145, 9, 114, 161, 104, 57, 34, 75, 71, 182, 59, 143, 81, 36, 55, 200, 27, 103, 68, 74, 64, 198, 156, 184, 154, 21, 32, 31, 116, 139, 123, 107, 10, 173, 92, 35, 61, 132, 56, 122, 192, 126, 141, 28, 33, 91, 133, 6, 42, 19, 85, 84, 150, 23, 18, 158, 2, 54, 171, 151, 179, 80, 99, 52, 44, 194, 109, 159, 138, 30, 20, 124, 48, 15, 111, 187, 106, 117, 172, 160, 102, 63, 17, 155, 127, 157, 128, 118, 190, 73, 26, 4, 97, 153, 22, 142, 188, 65, 12, 98, 46, 29, 72, 169, 90, 0, 125, 51, 83, 69, 197, 191, 62, 170, 1, 37, 167, 58, 199, 144, 40, 47, 88, 49, 129, 134, 181, 112, 79, 100, 43, 140, 120, 45]
init_num: 144 spread_num: 186 S:[3, 7, 50, 39, 60, 53, 13, 5, 14, 145, 9, 114, 161, 104, 57, 34, 75, 71, 182, 59, 143, 81, 36, 55, 200, 27, 103, 68, 74, 64, 198, 156, 184, 154, 21, 32, 31, 116, 139, 123, 107, 10, 173, 92, 35, 61, 132, 56, 122, 192, 126, 141, 28, 33, 91, 133, 6, 42, 19, 85, 84, 150, 23, 18, 158, 2, 54, 171, 151, 179, 80, 99, 52, 44, 194, 109, 159, 138, 30, 20, 124, 48, 15, 111, 187, 106, 117, 172, 160, 102, 63, 17, 155, 127, 157, 128, 118, 190, 73, 26, 4, 97, 153, 22, 142, 188, 65, 12, 98, 46, 29, 72, 169, 90, 0, 125, 51, 83, 69, 197, 191, 62, 170, 1, 37, 167, 58, 199, 144, 40, 47, 88, 49, 129, 134, 181, 112, 79, 100, 43, 140, 120, 45, 152]
init_num: 145 spread_num: 183 S:[3, 7, 50, 39, 60, 53, 13, 5, 14, 145, 9, 114, 161, 104, 57, 34, 75, 71, 182, 59, 143, 81, 36, 55, 200, 27, 103, 68, 74, 64, 198, 156, 184, 154, 21, 32, 31, 116, 139, 123, 107, 10, 173, 92, 35, 61, 132, 56, 122, 192, 126, 141, 28, 33, 91, 133, 6, 42, 19, 85, 84, 150, 23, 18, 158, 2, 54, 171, 151, 179, 80, 99, 52, 44, 194, 109, 159, 138, 30, 20, 124, 48, 15, 111, 187, 106, 117, 172, 160, 102, 63, 17, 155, 127, 157, 128, 118, 190, 73, 26, 4, 97, 153, 22, 142, 188, 65, 12, 98, 46, 29, 72, 169, 90, 0, 125, 51, 83, 69, 197, 191, 62, 170, 1, 37, 167, 58, 199, 144, 40, 47, 88, 49, 129, 134, 181, 112, 79, 100, 43, 140, 120, 45, 152, 177]
init_num: 146 spread_num: 184 S:[3, 7, 50, 39, 60, 53, 13, 5, 14, 145, 9, 114, 161, 104, 57, 34, 75, 71, 182, 59, 143, 81, 36, 55, 200, 27, 103, 68, 74, 64, 198, 156, 184, 154, 21, 32, 31, 116, 139, 123, 107, 10, 173, 92, 35, 61, 132, 56, 122, 192, 126, 141, 28, 33, 91, 133, 6, 42, 19, 85, 84, 150, 23, 18, 158, 2, 54, 171, 151, 179, 80, 99, 52, 44, 194, 109, 159, 138, 30, 20, 124, 48, 15, 111, 187, 106, 117, 172, 160, 102, 63, 17, 155, 127, 157, 128, 118, 190, 73, 26, 4, 97, 153, 22, 142, 188, 65, 12, 98, 46, 29, 72, 169, 90, 0, 125, 51, 83, 69, 197, 191, 62, 170, 1, 37, 167, 58, 199, 144, 40, 47, 88, 49, 129, 134, 181, 112, 79, 100, 43, 140, 120, 45, 152, 177, 67]
init_num: 147 spread_num: 188 S:[3, 7, 50, 39, 60, 53, 13, 5, 14, 145, 9, 114, 161, 104, 57, 34, 75, 71, 182, 59, 143, 81, 36, 55, 200, 27, 103, 68, 74, 64, 198, 156, 184, 154, 21, 32, 31, 116, 139, 123, 107, 10, 173, 92, 35, 61, 132, 56, 122, 192, 126, 141, 28, 33, 91, 133, 6, 42, 19, 85, 84, 150, 23, 18, 158, 2, 54, 171, 151, 179, 80, 99, 52, 44, 194, 109, 159, 138, 30, 20, 124, 48, 15, 111, 187, 106, 117, 172, 160, 102, 63, 17, 155, 127, 157, 128, 118, 190, 73, 26, 4, 97, 153, 22, 142, 188, 65, 12, 98, 46, 29, 72, 169, 90, 0, 125, 51, 83, 69, 197, 191, 62, 170, 1, 37, 167, 58, 199, 144, 40, 47, 88, 49, 129, 134, 181, 112, 79, 100, 43, 140, 120, 45, 152, 177, 67, 38]
init_num: 148 spread_num: 187 S:[3, 7, 50, 39, 60, 53, 13, 5, 14, 145, 9, 114, 161, 104, 57, 34, 75, 71, 182, 59, 143, 81, 36, 55, 200, 27, 103, 68, 74, 64, 198, 156, 184, 154, 21, 32, 31, 116, 139, 123, 107, 10, 173, 92, 35, 61, 132, 56, 122, 192, 126, 141, 28, 33, 91, 133, 6, 42, 19, 85, 84, 150, 23, 18, 158, 2, 54, 171, 151, 179, 80, 99, 52, 44, 194, 109, 159, 138, 30, 20, 124, 48, 15, 111, 187, 106, 117, 172, 160, 102, 63, 17, 155, 127, 157, 128, 118, 190, 73, 26, 4, 97, 153, 22, 142, 188, 65, 12, 98, 46, 29, 72, 169, 90, 0, 125, 51, 83, 69, 197, 191, 62, 170, 1, 37, 167, 58, 199, 144, 40, 47, 88, 49, 129, 134, 181, 112, 79, 100, 43, 140, 120, 45, 152, 177, 67, 38, 8]
init_num: 149 spread_num: 188 S:[3, 7, 50, 39, 60, 53, 13, 5, 14, 145, 9, 114, 161, 104, 57, 34, 75, 71, 182, 59, 143, 81, 36, 55, 200, 27, 103, 68, 74, 64, 198, 156, 184, 154, 21, 32, 31, 116, 139, 123, 107, 10, 173, 92, 35, 61, 132, 56, 122, 192, 126, 141, 28, 33, 91, 133, 6, 42, 19, 85, 84, 150, 23, 18, 158, 2, 54, 171, 151, 179, 80, 99, 52, 44, 194, 109, 159, 138, 30, 20, 124, 48, 15, 111, 187, 106, 117, 172, 160, 102, 63, 17, 155, 127, 157, 128, 118, 190, 73, 26, 4, 97, 153, 22, 142, 188, 65, 12, 98, 46, 29, 72, 169, 90, 0, 125, 51, 83, 69, 197, 191, 62, 170, 1, 37, 167, 58, 199, 144, 40, 47, 88, 49, 129, 134, 181, 112, 79, 100, 43, 140, 120, 45, 152, 177, 67, 38, 8, 24]
init_num: 150 spread_num: 188 S:[3, 7, 50, 39, 60, 53, 13, 5, 14, 145, 9, 114, 161, 104, 57, 34, 75, 71, 182, 59, 143, 81, 36, 55, 200, 27, 103, 68, 74, 64, 198, 156, 184, 154, 21, 32, 31, 116, 139, 123, 107, 10, 173, 92, 35, 61, 132, 56, 122, 192, 126, 141, 28, 33, 91, 133, 6, 42, 19, 85, 84, 150, 23, 18, 158, 2, 54, 171, 151, 179, 80, 99, 52, 44, 194, 109, 159, 138, 30, 20, 124, 48, 15, 111, 187, 106, 117, 172, 160, 102, 63, 17, 155, 127, 157, 128, 118, 190, 73, 26, 4, 97, 153, 22, 142, 188, 65, 12, 98, 46, 29, 72, 169, 90, 0, 125, 51, 83, 69, 197, 191, 62, 170, 1, 37, 167, 58, 199, 144, 40, 47, 88, 49, 129, 134, 181, 112, 79, 100, 43, 140, 120, 45, 152, 177, 67, 38, 8, 24, 178]
init_num: 151 spread_num: 186 S:[3, 7, 50, 39, 60, 53, 13, 5, 14, 145, 9, 114, 161, 104, 57, 34, 75, 71, 182, 59, 143, 81, 36, 55, 200, 27, 103, 68, 74, 64, 198, 156, 184, 154, 21, 32, 31, 116, 139, 123, 107, 10, 173, 92, 35, 61, 132, 56, 122, 192, 126, 141, 28, 33, 91, 133, 6, 42, 19, 85, 84, 150, 23, 18, 158, 2, 54, 171, 151, 179, 80, 99, 52, 44, 194, 109, 159, 138, 30, 20, 124, 48, 15, 111, 187, 106, 117, 172, 160, 102, 63, 17, 155, 127, 157, 128, 118, 190, 73, 26, 4, 97, 153, 22, 142, 188, 65, 12, 98, 46, 29, 72, 169, 90, 0, 125, 51, 83, 69, 197, 191, 62, 170, 1, 37, 167, 58, 199, 144, 40, 47, 88, 49, 129, 134, 181, 112, 79, 100, 43, 140, 120, 45, 152, 177, 67, 38, 8, 24, 178, 164]
init_num: 152 spread_num: 185 S:[3, 7, 50, 39, 60, 53, 13, 5, 14, 145, 9, 114, 161, 104, 57, 34, 75, 71, 182, 59, 143, 81, 36, 55, 200, 27, 103, 68, 74, 64, 198, 156, 184, 154, 21, 32, 31, 116, 139, 123, 107, 10, 173, 92, 35, 61, 132, 56, 122, 192, 126, 141, 28, 33, 91, 133, 6, 42, 19, 85, 84, 150, 23, 18, 158, 2, 54, 171, 151, 179, 80, 99, 52, 44, 194, 109, 159, 138, 30, 20, 124, 48, 15, 111, 187, 106, 117, 172, 160, 102, 63, 17, 155, 127, 157, 128, 118, 190, 73, 26, 4, 97, 153, 22, 142, 188, 65, 12, 98, 46, 29, 72, 169, 90, 0, 125, 51, 83, 69, 197, 191, 62, 170, 1, 37, 167, 58, 199, 144, 40, 47, 88, 49, 129, 134, 181, 112, 79, 100, 43, 140, 120, 45, 152, 177, 67, 38, 8, 24, 178, 164, 174]
init_num: 153 spread_num: 186 S:[3, 7, 50, 39, 60, 53, 13, 5, 14, 145, 9, 114, 161, 104, 57, 34, 75, 71, 182, 59, 143, 81, 36, 55, 200, 27, 103, 68, 74, 64, 198, 156, 184, 154, 21, 32, 31, 116, 139, 123, 107, 10, 173, 92, 35, 61, 132, 56, 122, 192, 126, 141, 28, 33, 91, 133, 6, 42, 19, 85, 84, 150, 23, 18, 158, 2, 54, 171, 151, 179, 80, 99, 52, 44, 194, 109, 159, 138, 30, 20, 124, 48, 15, 111, 187, 106, 117, 172, 160, 102, 63, 17, 155, 127, 157, 128, 118, 190, 73, 26, 4, 97, 153, 22, 142, 188, 65, 12, 98, 46, 29, 72, 169, 90, 0, 125, 51, 83, 69, 197, 191, 62, 170, 1, 37, 167, 58, 199, 144, 40, 47, 88, 49, 129, 134, 181, 112, 79, 100, 43, 140, 120, 45, 152, 177, 67, 38, 8, 24, 178, 164, 174, 82]
init_num: 154 spread_num: 188 S:[3, 7, 50, 39, 60, 53, 13, 5, 14, 145, 9, 114, 161, 104, 57, 34, 75, 71, 182, 59, 143, 81, 36, 55, 200, 27, 103, 68, 74, 64, 198, 156, 184, 154, 21, 32, 31, 116, 139, 123, 107, 10, 173, 92, 35, 61, 132, 56, 122, 192, 126, 141, 28, 33, 91, 133, 6, 42, 19, 85, 84, 150, 23, 18, 158, 2, 54, 171, 151, 179, 80, 99, 52, 44, 194, 109, 159, 138, 30, 20, 124, 48, 15, 111, 187, 106, 117, 172, 160, 102, 63, 17, 155, 127, 157, 128, 118, 190, 73, 26, 4, 97, 153, 22, 142, 188, 65, 12, 98, 46, 29, 72, 169, 90, 0, 125, 51, 83, 69, 197, 191, 62, 170, 1, 37, 167, 58, 199, 144, 40, 47, 88, 49, 129, 134, 181, 112, 79, 100, 43, 140, 120, 45, 152, 177, 67, 38, 8, 24, 178, 164, 174, 82, 70]
init_num: 155 spread_num: 188 S:[3, 7, 50, 39, 60, 53, 13, 5, 14, 145, 9, 114, 161, 104, 57, 34, 75, 71, 182, 59, 143, 81, 36, 55, 200, 27, 103, 68, 74, 64, 198, 156, 184, 154, 21, 32, 31, 116, 139, 123, 107, 10, 173, 92, 35, 61, 132, 56, 122, 192, 126, 141, 28, 33, 91, 133, 6, 42, 19, 85, 84, 150, 23, 18, 158, 2, 54, 171, 151, 179, 80, 99, 52, 44, 194, 109, 159, 138, 30, 20, 124, 48, 15, 111, 187, 106, 117, 172, 160, 102, 63, 17, 155, 127, 157, 128, 118, 190, 73, 26, 4, 97, 153, 22, 142, 188, 65, 12, 98, 46, 29, 72, 169, 90, 0, 125, 51, 83, 69, 197, 191, 62, 170, 1, 37, 167, 58, 199, 144, 40, 47, 88, 49, 129, 134, 181, 112, 79, 100, 43, 140, 120, 45, 152, 177, 67, 38, 8, 24, 178, 164, 174, 82, 70, 189]
init_num: 156 spread_num: 188 S:[3, 7, 50, 39, 60, 53, 13, 5, 14, 145, 9, 114, 161, 104, 57, 34, 75, 71, 182, 59, 143, 81, 36, 55, 200, 27, 103, 68, 74, 64, 198, 156, 184, 154, 21, 32, 31, 116, 139, 123, 107, 10, 173, 92, 35, 61, 132, 56, 122, 192, 126, 141, 28, 33, 91, 133, 6, 42, 19, 85, 84, 150, 23, 18, 158, 2, 54, 171, 151, 179, 80, 99, 52, 44, 194, 109, 159, 138, 30, 20, 124, 48, 15, 111, 187, 106, 117, 172, 160, 102, 63, 17, 155, 127, 157, 128, 118, 190, 73, 26, 4, 97, 153, 22, 142, 188, 65, 12, 98, 46, 29, 72, 169, 90, 0, 125, 51, 83, 69, 197, 191, 62, 170, 1, 37, 167, 58, 199, 144, 40, 47, 88, 49, 129, 134, 181, 112, 79, 100, 43, 140, 120, 45, 152, 177, 67, 38, 8, 24, 178, 164, 174, 82, 70, 189, 96]
init_num: 157 spread_num: 191 S:[3, 7, 50, 39, 60, 53, 13, 5, 14, 145, 9, 114, 161, 104, 57, 34, 75, 71, 182, 59, 143, 81, 36, 55, 200, 27, 103, 68, 74, 64, 198, 156, 184, 154, 21, 32, 31, 116, 139, 123, 107, 10, 173, 92, 35, 61, 132, 56, 122, 192, 126, 141, 28, 33, 91, 133, 6, 42, 19, 85, 84, 150, 23, 18, 158, 2, 54, 171, 151, 179, 80, 99, 52, 44, 194, 109, 159, 138, 30, 20, 124, 48, 15, 111, 187, 106, 117, 172, 160, 102, 63, 17, 155, 127, 157, 128, 118, 190, 73, 26, 4, 97, 153, 22, 142, 188, 65, 12, 98, 46, 29, 72, 169, 90, 0, 125, 51, 83, 69, 197, 191, 62, 170, 1, 37, 167, 58, 199, 144, 40, 47, 88, 49, 129, 134, 181, 112, 79, 100, 43, 140, 120, 45, 152, 177, 67, 38, 8, 24, 178, 164, 174, 82, 70, 189, 96, 168]
init_num: 158 spread_num: 191 S:[3, 7, 50, 39, 60, 53, 13, 5, 14, 145, 9, 114, 161, 104, 57, 34, 75, 71, 182, 59, 143, 81, 36, 55, 200, 27, 103, 68, 74, 64, 198, 156, 184, 154, 21, 32, 31, 116, 139, 123, 107, 10, 173, 92, 35, 61, 132, 56, 122, 192, 126, 141, 28, 33, 91, 133, 6, 42, 19, 85, 84, 150, 23, 18, 158, 2, 54, 171, 151, 179, 80, 99, 52, 44, 194, 109, 159, 138, 30, 20, 124, 48, 15, 111, 187, 106, 117, 172, 160, 102, 63, 17, 155, 127, 157, 128, 118, 190, 73, 26, 4, 97, 153, 22, 142, 188, 65, 12, 98, 46, 29, 72, 169, 90, 0, 125, 51, 83, 69, 197, 191, 62, 170, 1, 37, 167, 58, 199, 144, 40, 47, 88, 49, 129, 134, 181, 112, 79, 100, 43, 140, 120, 45, 152, 177, 67, 38, 8, 24, 178, 164, 174, 82, 70, 189, 96, 168, 16]
init_num: 159 spread_num: 189 S:[3, 7, 50, 39, 60, 53, 13, 5, 14, 145, 9, 114, 161, 104, 57, 34, 75, 71, 182, 59, 143, 81, 36, 55, 200, 27, 103, 68, 74, 64, 198, 156, 184, 154, 21, 32, 31, 116, 139, 123, 107, 10, 173, 92, 35, 61, 132, 56, 122, 192, 126, 141, 28, 33, 91, 133, 6, 42, 19, 85, 84, 150, 23, 18, 158, 2, 54, 171, 151, 179, 80, 99, 52, 44, 194, 109, 159, 138, 30, 20, 124, 48, 15, 111, 187, 106, 117, 172, 160, 102, 63, 17, 155, 127, 157, 128, 118, 190, 73, 26, 4, 97, 153, 22, 142, 188, 65, 12, 98, 46, 29, 72, 169, 90, 0, 125, 51, 83, 69, 197, 191, 62, 170, 1, 37, 167, 58, 199, 144, 40, 47, 88, 49, 129, 134, 181, 112, 79, 100, 43, 140, 120, 45, 152, 177, 67, 38, 8, 24, 178, 164, 174, 82, 70, 189, 96, 168, 16, 130]
init_num: 160 spread_num: 189 S:[3, 7, 50, 39, 60, 53, 13, 5, 14, 145, 9, 114, 161, 104, 57, 34, 75, 71, 182, 59, 143, 81, 36, 55, 200, 27, 103, 68, 74, 64, 198, 156, 184, 154, 21, 32, 31, 116, 139, 123, 107, 10, 173, 92, 35, 61, 132, 56, 122, 192, 126, 141, 28, 33, 91, 133, 6, 42, 19, 85, 84, 150, 23, 18, 158, 2, 54, 171, 151, 179, 80, 99, 52, 44, 194, 109, 159, 138, 30, 20, 124, 48, 15, 111, 187, 106, 117, 172, 160, 102, 63, 17, 155, 127, 157, 128, 118, 190, 73, 26, 4, 97, 153, 22, 142, 188, 65, 12, 98, 46, 29, 72, 169, 90, 0, 125, 51, 83, 69, 197, 191, 62, 170, 1, 37, 167, 58, 199, 144, 40, 47, 88, 49, 129, 134, 181, 112, 79, 100, 43, 140, 120, 45, 152, 177, 67, 38, 8, 24, 178, 164, 174, 82, 70, 189, 96, 168, 16, 130, 121]
init_num: 161 spread_num: 191 S:[3, 7, 50, 39, 60, 53, 13, 5, 14, 145, 9, 114, 161, 104, 57, 34, 75, 71, 182, 59, 143, 81, 36, 55, 200, 27, 103, 68, 74, 64, 198, 156, 184, 154, 21, 32, 31, 116, 139, 123, 107, 10, 173, 92, 35, 61, 132, 56, 122, 192, 126, 141, 28, 33, 91, 133, 6, 42, 19, 85, 84, 150, 23, 18, 158, 2, 54, 171, 151, 179, 80, 99, 52, 44, 194, 109, 159, 138, 30, 20, 124, 48, 15, 111, 187, 106, 117, 172, 160, 102, 63, 17, 155, 127, 157, 128, 118, 190, 73, 26, 4, 97, 153, 22, 142, 188, 65, 12, 98, 46, 29, 72, 169, 90, 0, 125, 51, 83, 69, 197, 191, 62, 170, 1, 37, 167, 58, 199, 144, 40, 47, 88, 49, 129, 134, 181, 112, 79, 100, 43, 140, 120, 45, 152, 177, 67, 38, 8, 24, 178, 164, 174, 82, 70, 189, 96, 168, 16, 130, 121, 148]
init_num: 162 spread_num: 191 S:[3, 7, 50, 39, 60, 53, 13, 5, 14, 145, 9, 114, 161, 104, 57, 34, 75, 71, 182, 59, 143, 81, 36, 55, 200, 27, 103, 68, 74, 64, 198, 156, 184, 154, 21, 32, 31, 116, 139, 123, 107, 10, 173, 92, 35, 61, 132, 56, 122, 192, 126, 141, 28, 33, 91, 133, 6, 42, 19, 85, 84, 150, 23, 18, 158, 2, 54, 171, 151, 179, 80, 99, 52, 44, 194, 109, 159, 138, 30, 20, 124, 48, 15, 111, 187, 106, 117, 172, 160, 102, 63, 17, 155, 127, 157, 128, 118, 190, 73, 26, 4, 97, 153, 22, 142, 188, 65, 12, 98, 46, 29, 72, 169, 90, 0, 125, 51, 83, 69, 197, 191, 62, 170, 1, 37, 167, 58, 199, 144, 40, 47, 88, 49, 129, 134, 181, 112, 79, 100, 43, 140, 120, 45, 152, 177, 67, 38, 8, 24, 178, 164, 174, 82, 70, 189, 96, 168, 16, 130, 121, 148, 175]
init_num: 163 spread_num: 190 S:[3, 7, 50, 39, 60, 53, 13, 5, 14, 145, 9, 114, 161, 104, 57, 34, 75, 71, 182, 59, 143, 81, 36, 55, 200, 27, 103, 68, 74, 64, 198, 156, 184, 154, 21, 32, 31, 116, 139, 123, 107, 10, 173, 92, 35, 61, 132, 56, 122, 192, 126, 141, 28, 33, 91, 133, 6, 42, 19, 85, 84, 150, 23, 18, 158, 2, 54, 171, 151, 179, 80, 99, 52, 44, 194, 109, 159, 138, 30, 20, 124, 48, 15, 111, 187, 106, 117, 172, 160, 102, 63, 17, 155, 127, 157, 128, 118, 190, 73, 26, 4, 97, 153, 22, 142, 188, 65, 12, 98, 46, 29, 72, 169, 90, 0, 125, 51, 83, 69, 197, 191, 62, 170, 1, 37, 167, 58, 199, 144, 40, 47, 88, 49, 129, 134, 181, 112, 79, 100, 43, 140, 120, 45, 152, 177, 67, 38, 8, 24, 178, 164, 174, 82, 70, 189, 96, 168, 16, 130, 121, 148, 175, 165]
init_num: 164 spread_num: 192 S:[3, 7, 50, 39, 60, 53, 13, 5, 14, 145, 9, 114, 161, 104, 57, 34, 75, 71, 182, 59, 143, 81, 36, 55, 200, 27, 103, 68, 74, 64, 198, 156, 184, 154, 21, 32, 31, 116, 139, 123, 107, 10, 173, 92, 35, 61, 132, 56, 122, 192, 126, 141, 28, 33, 91, 133, 6, 42, 19, 85, 84, 150, 23, 18, 158, 2, 54, 171, 151, 179, 80, 99, 52, 44, 194, 109, 159, 138, 30, 20, 124, 48, 15, 111, 187, 106, 117, 172, 160, 102, 63, 17, 155, 127, 157, 128, 118, 190, 73, 26, 4, 97, 153, 22, 142, 188, 65, 12, 98, 46, 29, 72, 169, 90, 0, 125, 51, 83, 69, 197, 191, 62, 170, 1, 37, 167, 58, 199, 144, 40, 47, 88, 49, 129, 134, 181, 112, 79, 100, 43, 140, 120, 45, 152, 177, 67, 38, 8, 24, 178, 164, 174, 82, 70, 189, 96, 168, 16, 130, 121, 148, 175, 165, 113]
init_num: 165 spread_num: 191 S:[3, 7, 50, 39, 60, 53, 13, 5, 14, 145, 9, 114, 161, 104, 57, 34, 75, 71, 182, 59, 143, 81, 36, 55, 200, 27, 103, 68, 74, 64, 198, 156, 184, 154, 21, 32, 31, 116, 139, 123, 107, 10, 173, 92, 35, 61, 132, 56, 122, 192, 126, 141, 28, 33, 91, 133, 6, 42, 19, 85, 84, 150, 23, 18, 158, 2, 54, 171, 151, 179, 80, 99, 52, 44, 194, 109, 159, 138, 30, 20, 124, 48, 15, 111, 187, 106, 117, 172, 160, 102, 63, 17, 155, 127, 157, 128, 118, 190, 73, 26, 4, 97, 153, 22, 142, 188, 65, 12, 98, 46, 29, 72, 169, 90, 0, 125, 51, 83, 69, 197, 191, 62, 170, 1, 37, 167, 58, 199, 144, 40, 47, 88, 49, 129, 134, 181, 112, 79, 100, 43, 140, 120, 45, 152, 177, 67, 38, 8, 24, 178, 164, 174, 82, 70, 189, 96, 168, 16, 130, 121, 148, 175, 165, 113, 105]
init_num: 166 spread_num: 191 S:[3, 7, 50, 39, 60, 53, 13, 5, 14, 145, 9, 114, 161, 104, 57, 34, 75, 71, 182, 59, 143, 81, 36, 55, 200, 27, 103, 68, 74, 64, 198, 156, 184, 154, 21, 32, 31, 116, 139, 123, 107, 10, 173, 92, 35, 61, 132, 56, 122, 192, 126, 141, 28, 33, 91, 133, 6, 42, 19, 85, 84, 150, 23, 18, 158, 2, 54, 171, 151, 179, 80, 99, 52, 44, 194, 109, 159, 138, 30, 20, 124, 48, 15, 111, 187, 106, 117, 172, 160, 102, 63, 17, 155, 127, 157, 128, 118, 190, 73, 26, 4, 97, 153, 22, 142, 188, 65, 12, 98, 46, 29, 72, 169, 90, 0, 125, 51, 83, 69, 197, 191, 62, 170, 1, 37, 167, 58, 199, 144, 40, 47, 88, 49, 129, 134, 181, 112, 79, 100, 43, 140, 120, 45, 152, 177, 67, 38, 8, 24, 178, 164, 174, 82, 70, 189, 96, 168, 16, 130, 121, 148, 175, 165, 113, 105, 186]
init_num: 167 spread_num: 193 S:[3, 7, 50, 39, 60, 53, 13, 5, 14, 145, 9, 114, 161, 104, 57, 34, 75, 71, 182, 59, 143, 81, 36, 55, 200, 27, 103, 68, 74, 64, 198, 156, 184, 154, 21, 32, 31, 116, 139, 123, 107, 10, 173, 92, 35, 61, 132, 56, 122, 192, 126, 141, 28, 33, 91, 133, 6, 42, 19, 85, 84, 150, 23, 18, 158, 2, 54, 171, 151, 179, 80, 99, 52, 44, 194, 109, 159, 138, 30, 20, 124, 48, 15, 111, 187, 106, 117, 172, 160, 102, 63, 17, 155, 127, 157, 128, 118, 190, 73, 26, 4, 97, 153, 22, 142, 188, 65, 12, 98, 46, 29, 72, 169, 90, 0, 125, 51, 83, 69, 197, 191, 62, 170, 1, 37, 167, 58, 199, 144, 40, 47, 88, 49, 129, 134, 181, 112, 79, 100, 43, 140, 120, 45, 152, 177, 67, 38, 8, 24, 178, 164, 174, 82, 70, 189, 96, 168, 16, 130, 121, 148, 175, 165, 113, 105, 186, 89]
init_num: 168 spread_num: 192 S:[3, 7, 50, 39, 60, 53, 13, 5, 14, 145, 9, 114, 161, 104, 57, 34, 75, 71, 182, 59, 143, 81, 36, 55, 200, 27, 103, 68, 74, 64, 198, 156, 184, 154, 21, 32, 31, 116, 139, 123, 107, 10, 173, 92, 35, 61, 132, 56, 122, 192, 126, 141, 28, 33, 91, 133, 6, 42, 19, 85, 84, 150, 23, 18, 158, 2, 54, 171, 151, 179, 80, 99, 52, 44, 194, 109, 159, 138, 30, 20, 124, 48, 15, 111, 187, 106, 117, 172, 160, 102, 63, 17, 155, 127, 157, 128, 118, 190, 73, 26, 4, 97, 153, 22, 142, 188, 65, 12, 98, 46, 29, 72, 169, 90, 0, 125, 51, 83, 69, 197, 191, 62, 170, 1, 37, 167, 58, 199, 144, 40, 47, 88, 49, 129, 134, 181, 112, 79, 100, 43, 140, 120, 45, 152, 177, 67, 38, 8, 24, 178, 164, 174, 82, 70, 189, 96, 168, 16, 130, 121, 148, 175, 165, 113, 105, 186, 89, 94]
init_num: 169 spread_num: 193 S:[3, 7, 50, 39, 60, 53, 13, 5, 14, 145, 9, 114, 161, 104, 57, 34, 75, 71, 182, 59, 143, 81, 36, 55, 200, 27, 103, 68, 74, 64, 198, 156, 184, 154, 21, 32, 31, 116, 139, 123, 107, 10, 173, 92, 35, 61, 132, 56, 122, 192, 126, 141, 28, 33, 91, 133, 6, 42, 19, 85, 84, 150, 23, 18, 158, 2, 54, 171, 151, 179, 80, 99, 52, 44, 194, 109, 159, 138, 30, 20, 124, 48, 15, 111, 187, 106, 117, 172, 160, 102, 63, 17, 155, 127, 157, 128, 118, 190, 73, 26, 4, 97, 153, 22, 142, 188, 65, 12, 98, 46, 29, 72, 169, 90, 0, 125, 51, 83, 69, 197, 191, 62, 170, 1, 37, 167, 58, 199, 144, 40, 47, 88, 49, 129, 134, 181, 112, 79, 100, 43, 140, 120, 45, 152, 177, 67, 38, 8, 24, 178, 164, 174, 82, 70, 189, 96, 168, 16, 130, 121, 148, 175, 165, 113, 105, 186, 89, 94, 87]
init_num: 170 spread_num: 192 S:[3, 7, 50, 39, 60, 53, 13, 5, 14, 145, 9, 114, 161, 104, 57, 34, 75, 71, 182, 59, 143, 81, 36, 55, 200, 27, 103, 68, 74, 64, 198, 156, 184, 154, 21, 32, 31, 116, 139, 123, 107, 10, 173, 92, 35, 61, 132, 56, 122, 192, 126, 141, 28, 33, 91, 133, 6, 42, 19, 85, 84, 150, 23, 18, 158, 2, 54, 171, 151, 179, 80, 99, 52, 44, 194, 109, 159, 138, 30, 20, 124, 48, 15, 111, 187, 106, 117, 172, 160, 102, 63, 17, 155, 127, 157, 128, 118, 190, 73, 26, 4, 97, 153, 22, 142, 188, 65, 12, 98, 46, 29, 72, 169, 90, 0, 125, 51, 83, 69, 197, 191, 62, 170, 1, 37, 167, 58, 199, 144, 40, 47, 88, 49, 129, 134, 181, 112, 79, 100, 43, 140, 120, 45, 152, 177, 67, 38, 8, 24, 178, 164, 174, 82, 70, 189, 96, 168, 16, 130, 121, 148, 175, 165, 113, 105, 186, 89, 94, 87, 41]
init_num: 171 spread_num: 194 S:[3, 7, 50, 39, 60, 53, 13, 5, 14, 145, 9, 114, 161, 104, 57, 34, 75, 71, 182, 59, 143, 81, 36, 55, 200, 27, 103, 68, 74, 64, 198, 156, 184, 154, 21, 32, 31, 116, 139, 123, 107, 10, 173, 92, 35, 61, 132, 56, 122, 192, 126, 141, 28, 33, 91, 133, 6, 42, 19, 85, 84, 150, 23, 18, 158, 2, 54, 171, 151, 179, 80, 99, 52, 44, 194, 109, 159, 138, 30, 20, 124, 48, 15, 111, 187, 106, 117, 172, 160, 102, 63, 17, 155, 127, 157, 128, 118, 190, 73, 26, 4, 97, 153, 22, 142, 188, 65, 12, 98, 46, 29, 72, 169, 90, 0, 125, 51, 83, 69, 197, 191, 62, 170, 1, 37, 167, 58, 199, 144, 40, 47, 88, 49, 129, 134, 181, 112, 79, 100, 43, 140, 120, 45, 152, 177, 67, 38, 8, 24, 178, 164, 174, 82, 70, 189, 96, 168, 16, 130, 121, 148, 175, 165, 113, 105, 186, 89, 94, 87, 41, 196]
init_num: 172 spread_num: 196 S:[3, 7, 50, 39, 60, 53, 13, 5, 14, 145, 9, 114, 161, 104, 57, 34, 75, 71, 182, 59, 143, 81, 36, 55, 200, 27, 103, 68, 74, 64, 198, 156, 184, 154, 21, 32, 31, 116, 139, 123, 107, 10, 173, 92, 35, 61, 132, 56, 122, 192, 126, 141, 28, 33, 91, 133, 6, 42, 19, 85, 84, 150, 23, 18, 158, 2, 54, 171, 151, 179, 80, 99, 52, 44, 194, 109, 159, 138, 30, 20, 124, 48, 15, 111, 187, 106, 117, 172, 160, 102, 63, 17, 155, 127, 157, 128, 118, 190, 73, 26, 4, 97, 153, 22, 142, 188, 65, 12, 98, 46, 29, 72, 169, 90, 0, 125, 51, 83, 69, 197, 191, 62, 170, 1, 37, 167, 58, 199, 144, 40, 47, 88, 49, 129, 134, 181, 112, 79, 100, 43, 140, 120, 45, 152, 177, 67, 38, 8, 24, 178, 164, 174, 82, 70, 189, 96, 168, 16, 130, 121, 148, 175, 165, 113, 105, 186, 89, 94, 87, 41, 196, 176]
init_num: 173 spread_num: 196 S:[3, 7, 50, 39, 60, 53, 13, 5, 14, 145, 9, 114, 161, 104, 57, 34, 75, 71, 182, 59, 143, 81, 36, 55, 200, 27, 103, 68, 74, 64, 198, 156, 184, 154, 21, 32, 31, 116, 139, 123, 107, 10, 173, 92, 35, 61, 132, 56, 122, 192, 126, 141, 28, 33, 91, 133, 6, 42, 19, 85, 84, 150, 23, 18, 158, 2, 54, 171, 151, 179, 80, 99, 52, 44, 194, 109, 159, 138, 30, 20, 124, 48, 15, 111, 187, 106, 117, 172, 160, 102, 63, 17, 155, 127, 157, 128, 118, 190, 73, 26, 4, 97, 153, 22, 142, 188, 65, 12, 98, 46, 29, 72, 169, 90, 0, 125, 51, 83, 69, 197, 191, 62, 170, 1, 37, 167, 58, 199, 144, 40, 47, 88, 49, 129, 134, 181, 112, 79, 100, 43, 140, 120, 45, 152, 177, 67, 38, 8, 24, 178, 164, 174, 82, 70, 189, 96, 168, 16, 130, 121, 148, 175, 165, 113, 105, 186, 89, 94, 87, 41, 196, 176, 137]
init_num: 174 spread_num: 195 S:[3, 7, 50, 39, 60, 53, 13, 5, 14, 145, 9, 114, 161, 104, 57, 34, 75, 71, 182, 59, 143, 81, 36, 55, 200, 27, 103, 68, 74, 64, 198, 156, 184, 154, 21, 32, 31, 116, 139, 123, 107, 10, 173, 92, 35, 61, 132, 56, 122, 192, 126, 141, 28, 33, 91, 133, 6, 42, 19, 85, 84, 150, 23, 18, 158, 2, 54, 171, 151, 179, 80, 99, 52, 44, 194, 109, 159, 138, 30, 20, 124, 48, 15, 111, 187, 106, 117, 172, 160, 102, 63, 17, 155, 127, 157, 128, 118, 190, 73, 26, 4, 97, 153, 22, 142, 188, 65, 12, 98, 46, 29, 72, 169, 90, 0, 125, 51, 83, 69, 197, 191, 62, 170, 1, 37, 167, 58, 199, 144, 40, 47, 88, 49, 129, 134, 181, 112, 79, 100, 43, 140, 120, 45, 152, 177, 67, 38, 8, 24, 178, 164, 174, 82, 70, 189, 96, 168, 16, 130, 121, 148, 175, 165, 113, 105, 186, 89, 94, 87, 41, 196, 176, 137, 166]
init_num: 175 spread_num: 197 S:[3, 7, 50, 39, 60, 53, 13, 5, 14, 145, 9, 114, 161, 104, 57, 34, 75, 71, 182, 59, 143, 81, 36, 55, 200, 27, 103, 68, 74, 64, 198, 156, 184, 154, 21, 32, 31, 116, 139, 123, 107, 10, 173, 92, 35, 61, 132, 56, 122, 192, 126, 141, 28, 33, 91, 133, 6, 42, 19, 85, 84, 150, 23, 18, 158, 2, 54, 171, 151, 179, 80, 99, 52, 44, 194, 109, 159, 138, 30, 20, 124, 48, 15, 111, 187, 106, 117, 172, 160, 102, 63, 17, 155, 127, 157, 128, 118, 190, 73, 26, 4, 97, 153, 22, 142, 188, 65, 12, 98, 46, 29, 72, 169, 90, 0, 125, 51, 83, 69, 197, 191, 62, 170, 1, 37, 167, 58, 199, 144, 40, 47, 88, 49, 129, 134, 181, 112, 79, 100, 43, 140, 120, 45, 152, 177, 67, 38, 8, 24, 178, 164, 174, 82, 70, 189, 96, 168, 16, 130, 121, 148, 175, 165, 113, 105, 186, 89, 94, 87, 41, 196, 176, 137, 166, 78]
init_num: 176 spread_num: 194 S:[3, 7, 50, 39, 60, 53, 13, 5, 14, 145, 9, 114, 161, 104, 57, 34, 75, 71, 182, 59, 143, 81, 36, 55, 200, 27, 103, 68, 74, 64, 198, 156, 184, 154, 21, 32, 31, 116, 139, 123, 107, 10, 173, 92, 35, 61, 132, 56, 122, 192, 126, 141, 28, 33, 91, 133, 6, 42, 19, 85, 84, 150, 23, 18, 158, 2, 54, 171, 151, 179, 80, 99, 52, 44, 194, 109, 159, 138, 30, 20, 124, 48, 15, 111, 187, 106, 117, 172, 160, 102, 63, 17, 155, 127, 157, 128, 118, 190, 73, 26, 4, 97, 153, 22, 142, 188, 65, 12, 98, 46, 29, 72, 169, 90, 0, 125, 51, 83, 69, 197, 191, 62, 170, 1, 37, 167, 58, 199, 144, 40, 47, 88, 49, 129, 134, 181, 112, 79, 100, 43, 140, 120, 45, 152, 177, 67, 38, 8, 24, 178, 164, 174, 82, 70, 189, 96, 168, 16, 130, 121, 148, 175, 165, 113, 105, 186, 89, 94, 87, 41, 196, 176, 137, 166, 78, 162]
init_num: 177 spread_num: 196 S:[3, 7, 50, 39, 60, 53, 13, 5, 14, 145, 9, 114, 161, 104, 57, 34, 75, 71, 182, 59, 143, 81, 36, 55, 200, 27, 103, 68, 74, 64, 198, 156, 184, 154, 21, 32, 31, 116, 139, 123, 107, 10, 173, 92, 35, 61, 132, 56, 122, 192, 126, 141, 28, 33, 91, 133, 6, 42, 19, 85, 84, 150, 23, 18, 158, 2, 54, 171, 151, 179, 80, 99, 52, 44, 194, 109, 159, 138, 30, 20, 124, 48, 15, 111, 187, 106, 117, 172, 160, 102, 63, 17, 155, 127, 157, 128, 118, 190, 73, 26, 4, 97, 153, 22, 142, 188, 65, 12, 98, 46, 29, 72, 169, 90, 0, 125, 51, 83, 69, 197, 191, 62, 170, 1, 37, 167, 58, 199, 144, 40, 47, 88, 49, 129, 134, 181, 112, 79, 100, 43, 140, 120, 45, 152, 177, 67, 38, 8, 24, 178, 164, 174, 82, 70, 189, 96, 168, 16, 130, 121, 148, 175, 165, 113, 105, 186, 89, 94, 87, 41, 196, 176, 137, 166, 78, 162, 195]
init_num: 178 spread_num: 196 S:[3, 7, 50, 39, 60, 53, 13, 5, 14, 145, 9, 114, 161, 104, 57, 34, 75, 71, 182, 59, 143, 81, 36, 55, 200, 27, 103, 68, 74, 64, 198, 156, 184, 154, 21, 32, 31, 116, 139, 123, 107, 10, 173, 92, 35, 61, 132, 56, 122, 192, 126, 141, 28, 33, 91, 133, 6, 42, 19, 85, 84, 150, 23, 18, 158, 2, 54, 171, 151, 179, 80, 99, 52, 44, 194, 109, 159, 138, 30, 20, 124, 48, 15, 111, 187, 106, 117, 172, 160, 102, 63, 17, 155, 127, 157, 128, 118, 190, 73, 26, 4, 97, 153, 22, 142, 188, 65, 12, 98, 46, 29, 72, 169, 90, 0, 125, 51, 83, 69, 197, 191, 62, 170, 1, 37, 167, 58, 199, 144, 40, 47, 88, 49, 129, 134, 181, 112, 79, 100, 43, 140, 120, 45, 152, 177, 67, 38, 8, 24, 178, 164, 174, 82, 70, 189, 96, 168, 16, 130, 121, 148, 175, 165, 113, 105, 186, 89, 94, 87, 41, 196, 176, 137, 166, 78, 162, 195, 76]
init_num: 179 spread_num: 195 S:[3, 7, 50, 39, 60, 53, 13, 5, 14, 145, 9, 114, 161, 104, 57, 34, 75, 71, 182, 59, 143, 81, 36, 55, 200, 27, 103, 68, 74, 64, 198, 156, 184, 154, 21, 32, 31, 116, 139, 123, 107, 10, 173, 92, 35, 61, 132, 56, 122, 192, 126, 141, 28, 33, 91, 133, 6, 42, 19, 85, 84, 150, 23, 18, 158, 2, 54, 171, 151, 179, 80, 99, 52, 44, 194, 109, 159, 138, 30, 20, 124, 48, 15, 111, 187, 106, 117, 172, 160, 102, 63, 17, 155, 127, 157, 128, 118, 190, 73, 26, 4, 97, 153, 22, 142, 188, 65, 12, 98, 46, 29, 72, 169, 90, 0, 125, 51, 83, 69, 197, 191, 62, 170, 1, 37, 167, 58, 199, 144, 40, 47, 88, 49, 129, 134, 181, 112, 79, 100, 43, 140, 120, 45, 152, 177, 67, 38, 8, 24, 178, 164, 174, 82, 70, 189, 96, 168, 16, 130, 121, 148, 175, 165, 113, 105, 186, 89, 94, 87, 41, 196, 176, 137, 166, 78, 162, 195, 76, 183]
init_num: 180 spread_num: 196 S:[3, 7, 50, 39, 60, 53, 13, 5, 14, 145, 9, 114, 161, 104, 57, 34, 75, 71, 182, 59, 143, 81, 36, 55, 200, 27, 103, 68, 74, 64, 198, 156, 184, 154, 21, 32, 31, 116, 139, 123, 107, 10, 173, 92, 35, 61, 132, 56, 122, 192, 126, 141, 28, 33, 91, 133, 6, 42, 19, 85, 84, 150, 23, 18, 158, 2, 54, 171, 151, 179, 80, 99, 52, 44, 194, 109, 159, 138, 30, 20, 124, 48, 15, 111, 187, 106, 117, 172, 160, 102, 63, 17, 155, 127, 157, 128, 118, 190, 73, 26, 4, 97, 153, 22, 142, 188, 65, 12, 98, 46, 29, 72, 169, 90, 0, 125, 51, 83, 69, 197, 191, 62, 170, 1, 37, 167, 58, 199, 144, 40, 47, 88, 49, 129, 134, 181, 112, 79, 100, 43, 140, 120, 45, 152, 177, 67, 38, 8, 24, 178, 164, 174, 82, 70, 189, 96, 168, 16, 130, 121, 148, 175, 165, 113, 105, 186, 89, 94, 87, 41, 196, 176, 137, 166, 78, 162, 195, 76, 183, 119]
init_num: 181 spread_num: 197 S:[3, 7, 50, 39, 60, 53, 13, 5, 14, 145, 9, 114, 161, 104, 57, 34, 75, 71, 182, 59, 143, 81, 36, 55, 200, 27, 103, 68, 74, 64, 198, 156, 184, 154, 21, 32, 31, 116, 139, 123, 107, 10, 173, 92, 35, 61, 132, 56, 122, 192, 126, 141, 28, 33, 91, 133, 6, 42, 19, 85, 84, 150, 23, 18, 158, 2, 54, 171, 151, 179, 80, 99, 52, 44, 194, 109, 159, 138, 30, 20, 124, 48, 15, 111, 187, 106, 117, 172, 160, 102, 63, 17, 155, 127, 157, 128, 118, 190, 73, 26, 4, 97, 153, 22, 142, 188, 65, 12, 98, 46, 29, 72, 169, 90, 0, 125, 51, 83, 69, 197, 191, 62, 170, 1, 37, 167, 58, 199, 144, 40, 47, 88, 49, 129, 134, 181, 112, 79, 100, 43, 140, 120, 45, 152, 177, 67, 38, 8, 24, 178, 164, 174, 82, 70, 189, 96, 168, 16, 130, 121, 148, 175, 165, 113, 105, 186, 89, 94, 87, 41, 196, 176, 137, 166, 78, 162, 195, 76, 183, 119, 136]
init_num: 182 spread_num: 197 S:[3, 7, 50, 39, 60, 53, 13, 5, 14, 145, 9, 114, 161, 104, 57, 34, 75, 71, 182, 59, 143, 81, 36, 55, 200, 27, 103, 68, 74, 64, 198, 156, 184, 154, 21, 32, 31, 116, 139, 123, 107, 10, 173, 92, 35, 61, 132, 56, 122, 192, 126, 141, 28, 33, 91, 133, 6, 42, 19, 85, 84, 150, 23, 18, 158, 2, 54, 171, 151, 179, 80, 99, 52, 44, 194, 109, 159, 138, 30, 20, 124, 48, 15, 111, 187, 106, 117, 172, 160, 102, 63, 17, 155, 127, 157, 128, 118, 190, 73, 26, 4, 97, 153, 22, 142, 188, 65, 12, 98, 46, 29, 72, 169, 90, 0, 125, 51, 83, 69, 197, 191, 62, 170, 1, 37, 167, 58, 199, 144, 40, 47, 88, 49, 129, 134, 181, 112, 79, 100, 43, 140, 120, 45, 152, 177, 67, 38, 8, 24, 178, 164, 174, 82, 70, 189, 96, 168, 16, 130, 121, 148, 175, 165, 113, 105, 186, 89, 94, 87, 41, 196, 176, 137, 166, 78, 162, 195, 76, 183, 119, 136, 131]
init_num: 183 spread_num: 198 S:[3, 7, 50, 39, 60, 53, 13, 5, 14, 145, 9, 114, 161, 104, 57, 34, 75, 71, 182, 59, 143, 81, 36, 55, 200, 27, 103, 68, 74, 64, 198, 156, 184, 154, 21, 32, 31, 116, 139, 123, 107, 10, 173, 92, 35, 61, 132, 56, 122, 192, 126, 141, 28, 33, 91, 133, 6, 42, 19, 85, 84, 150, 23, 18, 158, 2, 54, 171, 151, 179, 80, 99, 52, 44, 194, 109, 159, 138, 30, 20, 124, 48, 15, 111, 187, 106, 117, 172, 160, 102, 63, 17, 155, 127, 157, 128, 118, 190, 73, 26, 4, 97, 153, 22, 142, 188, 65, 12, 98, 46, 29, 72, 169, 90, 0, 125, 51, 83, 69, 197, 191, 62, 170, 1, 37, 167, 58, 199, 144, 40, 47, 88, 49, 129, 134, 181, 112, 79, 100, 43, 140, 120, 45, 152, 177, 67, 38, 8, 24, 178, 164, 174, 82, 70, 189, 96, 168, 16, 130, 121, 148, 175, 165, 113, 105, 186, 89, 94, 87, 41, 196, 176, 137, 166, 78, 162, 195, 76, 183, 119, 136, 131, 110]
init_num: 184 spread_num: 197 S:[3, 7, 50, 39, 60, 53, 13, 5, 14, 145, 9, 114, 161, 104, 57, 34, 75, 71, 182, 59, 143, 81, 36, 55, 200, 27, 103, 68, 74, 64, 198, 156, 184, 154, 21, 32, 31, 116, 139, 123, 107, 10, 173, 92, 35, 61, 132, 56, 122, 192, 126, 141, 28, 33, 91, 133, 6, 42, 19, 85, 84, 150, 23, 18, 158, 2, 54, 171, 151, 179, 80, 99, 52, 44, 194, 109, 159, 138, 30, 20, 124, 48, 15, 111, 187, 106, 117, 172, 160, 102, 63, 17, 155, 127, 157, 128, 118, 190, 73, 26, 4, 97, 153, 22, 142, 188, 65, 12, 98, 46, 29, 72, 169, 90, 0, 125, 51, 83, 69, 197, 191, 62, 170, 1, 37, 167, 58, 199, 144, 40, 47, 88, 49, 129, 134, 181, 112, 79, 100, 43, 140, 120, 45, 152, 177, 67, 38, 8, 24, 178, 164, 174, 82, 70, 189, 96, 168, 16, 130, 121, 148, 175, 165, 113, 105, 186, 89, 94, 87, 41, 196, 176, 137, 166, 78, 162, 195, 76, 183, 119, 136, 131, 110, 193]
init_num: 185 spread_num: 198 S:[3, 7, 50, 39, 60, 53, 13, 5, 14, 145, 9, 114, 161, 104, 57, 34, 75, 71, 182, 59, 143, 81, 36, 55, 200, 27, 103, 68, 74, 64, 198, 156, 184, 154, 21, 32, 31, 116, 139, 123, 107, 10, 173, 92, 35, 61, 132, 56, 122, 192, 126, 141, 28, 33, 91, 133, 6, 42, 19, 85, 84, 150, 23, 18, 158, 2, 54, 171, 151, 179, 80, 99, 52, 44, 194, 109, 159, 138, 30, 20, 124, 48, 15, 111, 187, 106, 117, 172, 160, 102, 63, 17, 155, 127, 157, 128, 118, 190, 73, 26, 4, 97, 153, 22, 142, 188, 65, 12, 98, 46, 29, 72, 169, 90, 0, 125, 51, 83, 69, 197, 191, 62, 170, 1, 37, 167, 58, 199, 144, 40, 47, 88, 49, 129, 134, 181, 112, 79, 100, 43, 140, 120, 45, 152, 177, 67, 38, 8, 24, 178, 164, 174, 82, 70, 189, 96, 168, 16, 130, 121, 148, 175, 165, 113, 105, 186, 89, 94, 87, 41, 196, 176, 137, 166, 78, 162, 195, 76, 183, 119, 136, 131, 110, 193, 115]
init_num: 186 spread_num: 199 S:[3, 7, 50, 39, 60, 53, 13, 5, 14, 145, 9, 114, 161, 104, 57, 34, 75, 71, 182, 59, 143, 81, 36, 55, 200, 27, 103, 68, 74, 64, 198, 156, 184, 154, 21, 32, 31, 116, 139, 123, 107, 10, 173, 92, 35, 61, 132, 56, 122, 192, 126, 141, 28, 33, 91, 133, 6, 42, 19, 85, 84, 150, 23, 18, 158, 2, 54, 171, 151, 179, 80, 99, 52, 44, 194, 109, 159, 138, 30, 20, 124, 48, 15, 111, 187, 106, 117, 172, 160, 102, 63, 17, 155, 127, 157, 128, 118, 190, 73, 26, 4, 97, 153, 22, 142, 188, 65, 12, 98, 46, 29, 72, 169, 90, 0, 125, 51, 83, 69, 197, 191, 62, 170, 1, 37, 167, 58, 199, 144, 40, 47, 88, 49, 129, 134, 181, 112, 79, 100, 43, 140, 120, 45, 152, 177, 67, 38, 8, 24, 178, 164, 174, 82, 70, 189, 96, 168, 16, 130, 121, 148, 175, 165, 113, 105, 186, 89, 94, 87, 41, 196, 176, 137, 166, 78, 162, 195, 76, 183, 119, 136, 131, 110, 193, 115, 147]
init_num: 187 spread_num: 199 S:[3, 7, 50, 39, 60, 53, 13, 5, 14, 145, 9, 114, 161, 104, 57, 34, 75, 71, 182, 59, 143, 81, 36, 55, 200, 27, 103, 68, 74, 64, 198, 156, 184, 154, 21, 32, 31, 116, 139, 123, 107, 10, 173, 92, 35, 61, 132, 56, 122, 192, 126, 141, 28, 33, 91, 133, 6, 42, 19, 85, 84, 150, 23, 18, 158, 2, 54, 171, 151, 179, 80, 99, 52, 44, 194, 109, 159, 138, 30, 20, 124, 48, 15, 111, 187, 106, 117, 172, 160, 102, 63, 17, 155, 127, 157, 128, 118, 190, 73, 26, 4, 97, 153, 22, 142, 188, 65, 12, 98, 46, 29, 72, 169, 90, 0, 125, 51, 83, 69, 197, 191, 62, 170, 1, 37, 167, 58, 199, 144, 40, 47, 88, 49, 129, 134, 181, 112, 79, 100, 43, 140, 120, 45, 152, 177, 67, 38, 8, 24, 178, 164, 174, 82, 70, 189, 96, 168, 16, 130, 121, 148, 175, 165, 113, 105, 186, 89, 94, 87, 41, 196, 176, 137, 166, 78, 162, 195, 76, 183, 119, 136, 131, 110, 193, 115, 147, 25]
init_num: 188 spread_num: 197 S:[3, 7, 50, 39, 60, 53, 13, 5, 14, 145, 9, 114, 161, 104, 57, 34, 75, 71, 182, 59, 143, 81, 36, 55, 200, 27, 103, 68, 74, 64, 198, 156, 184, 154, 21, 32, 31, 116, 139, 123, 107, 10, 173, 92, 35, 61, 132, 56, 122, 192, 126, 141, 28, 33, 91, 133, 6, 42, 19, 85, 84, 150, 23, 18, 158, 2, 54, 171, 151, 179, 80, 99, 52, 44, 194, 109, 159, 138, 30, 20, 124, 48, 15, 111, 187, 106, 117, 172, 160, 102, 63, 17, 155, 127, 157, 128, 118, 190, 73, 26, 4, 97, 153, 22, 142, 188, 65, 12, 98, 46, 29, 72, 169, 90, 0, 125, 51, 83, 69, 197, 191, 62, 170, 1, 37, 167, 58, 199, 144, 40, 47, 88, 49, 129, 134, 181, 112, 79, 100, 43, 140, 120, 45, 152, 177, 67, 38, 8, 24, 178, 164, 174, 82, 70, 189, 96, 168, 16, 130, 121, 148, 175, 165, 113, 105, 186, 89, 94, 87, 41, 196, 176, 137, 166, 78, 162, 195, 76, 183, 119, 136, 131, 110, 193, 115, 147, 25, 163]
init_num: 189 spread_num: 198 S:[3, 7, 50, 39, 60, 53, 13, 5, 14, 145, 9, 114, 161, 104, 57, 34, 75, 71, 182, 59, 143, 81, 36, 55, 200, 27, 103, 68, 74, 64, 198, 156, 184, 154, 21, 32, 31, 116, 139, 123, 107, 10, 173, 92, 35, 61, 132, 56, 122, 192, 126, 141, 28, 33, 91, 133, 6, 42, 19, 85, 84, 150, 23, 18, 158, 2, 54, 171, 151, 179, 80, 99, 52, 44, 194, 109, 159, 138, 30, 20, 124, 48, 15, 111, 187, 106, 117, 172, 160, 102, 63, 17, 155, 127, 157, 128, 118, 190, 73, 26, 4, 97, 153, 22, 142, 188, 65, 12, 98, 46, 29, 72, 169, 90, 0, 125, 51, 83, 69, 197, 191, 62, 170, 1, 37, 167, 58, 199, 144, 40, 47, 88, 49, 129, 134, 181, 112, 79, 100, 43, 140, 120, 45, 152, 177, 67, 38, 8, 24, 178, 164, 174, 82, 70, 189, 96, 168, 16, 130, 121, 148, 175, 165, 113, 105, 186, 89, 94, 87, 41, 196, 176, 137, 166, 78, 162, 195, 76, 183, 119, 136, 131, 110, 193, 115, 147, 25, 163, 101]
init_num: 190 spread_num: 198 S:[3, 7, 50, 39, 60, 53, 13, 5, 14, 145, 9, 114, 161, 104, 57, 34, 75, 71, 182, 59, 143, 81, 36, 55, 200, 27, 103, 68, 74, 64, 198, 156, 184, 154, 21, 32, 31, 116, 139, 123, 107, 10, 173, 92, 35, 61, 132, 56, 122, 192, 126, 141, 28, 33, 91, 133, 6, 42, 19, 85, 84, 150, 23, 18, 158, 2, 54, 171, 151, 179, 80, 99, 52, 44, 194, 109, 159, 138, 30, 20, 124, 48, 15, 111, 187, 106, 117, 172, 160, 102, 63, 17, 155, 127, 157, 128, 118, 190, 73, 26, 4, 97, 153, 22, 142, 188, 65, 12, 98, 46, 29, 72, 169, 90, 0, 125, 51, 83, 69, 197, 191, 62, 170, 1, 37, 167, 58, 199, 144, 40, 47, 88, 49, 129, 134, 181, 112, 79, 100, 43, 140, 120, 45, 152, 177, 67, 38, 8, 24, 178, 164, 174, 82, 70, 189, 96, 168, 16, 130, 121, 148, 175, 165, 113, 105, 186, 89, 94, 87, 41, 196, 176, 137, 166, 78, 162, 195, 76, 183, 119, 136, 131, 110, 193, 115, 147, 25, 163, 101, 149]
init_num: 191 spread_num: 200 S:[3, 7, 50, 39, 60, 53, 13, 5, 14, 145, 9, 114, 161, 104, 57, 34, 75, 71, 182, 59, 143, 81, 36, 55, 200, 27, 103, 68, 74, 64, 198, 156, 184, 154, 21, 32, 31, 116, 139, 123, 107, 10, 173, 92, 35, 61, 132, 56, 122, 192, 126, 141, 28, 33, 91, 133, 6, 42, 19, 85, 84, 150, 23, 18, 158, 2, 54, 171, 151, 179, 80, 99, 52, 44, 194, 109, 159, 138, 30, 20, 124, 48, 15, 111, 187, 106, 117, 172, 160, 102, 63, 17, 155, 127, 157, 128, 118, 190, 73, 26, 4, 97, 153, 22, 142, 188, 65, 12, 98, 46, 29, 72, 169, 90, 0, 125, 51, 83, 69, 197, 191, 62, 170, 1, 37, 167, 58, 199, 144, 40, 47, 88, 49, 129, 134, 181, 112, 79, 100, 43, 140, 120, 45, 152, 177, 67, 38, 8, 24, 178, 164, 174, 82, 70, 189, 96, 168, 16, 130, 121, 148, 175, 165, 113, 105, 186, 89, 94, 87, 41, 196, 176, 137, 166, 78, 162, 195, 76, 183, 119, 136, 131, 110, 193, 115, 147, 25, 163, 101, 149, 185]
init_num: 192 spread_num: 199 S:[3, 7, 50, 39, 60, 53, 13, 5, 14, 145, 9, 114, 161, 104, 57, 34, 75, 71, 182, 59, 143, 81, 36, 55, 200, 27, 103, 68, 74, 64, 198, 156, 184, 154, 21, 32, 31, 116, 139, 123, 107, 10, 173, 92, 35, 61, 132, 56, 122, 192, 126, 141, 28, 33, 91, 133, 6, 42, 19, 85, 84, 150, 23, 18, 158, 2, 54, 171, 151, 179, 80, 99, 52, 44, 194, 109, 159, 138, 30, 20, 124, 48, 15, 111, 187, 106, 117, 172, 160, 102, 63, 17, 155, 127, 157, 128, 118, 190, 73, 26, 4, 97, 153, 22, 142, 188, 65, 12, 98, 46, 29, 72, 169, 90, 0, 125, 51, 83, 69, 197, 191, 62, 170, 1, 37, 167, 58, 199, 144, 40, 47, 88, 49, 129, 134, 181, 112, 79, 100, 43, 140, 120, 45, 152, 177, 67, 38, 8, 24, 178, 164, 174, 82, 70, 189, 96, 168, 16, 130, 121, 148, 175, 165, 113, 105, 186, 89, 94, 87, 41, 196, 176, 137, 166, 78, 162, 195, 76, 183, 119, 136, 131, 110, 193, 115, 147, 25, 163, 101, 149, 185, 108]
init_num: 193 spread_num: 199 S:[3, 7, 50, 39, 60, 53, 13, 5, 14, 145, 9, 114, 161, 104, 57, 34, 75, 71, 182, 59, 143, 81, 36, 55, 200, 27, 103, 68, 74, 64, 198, 156, 184, 154, 21, 32, 31, 116, 139, 123, 107, 10, 173, 92, 35, 61, 132, 56, 122, 192, 126, 141, 28, 33, 91, 133, 6, 42, 19, 85, 84, 150, 23, 18, 158, 2, 54, 171, 151, 179, 80, 99, 52, 44, 194, 109, 159, 138, 30, 20, 124, 48, 15, 111, 187, 106, 117, 172, 160, 102, 63, 17, 155, 127, 157, 128, 118, 190, 73, 26, 4, 97, 153, 22, 142, 188, 65, 12, 98, 46, 29, 72, 169, 90, 0, 125, 51, 83, 69, 197, 191, 62, 170, 1, 37, 167, 58, 199, 144, 40, 47, 88, 49, 129, 134, 181, 112, 79, 100, 43, 140, 120, 45, 152, 177, 67, 38, 8, 24, 178, 164, 174, 82, 70, 189, 96, 168, 16, 130, 121, 148, 175, 165, 113, 105, 186, 89, 94, 87, 41, 196, 176, 137, 166, 78, 162, 195, 76, 183, 119, 136, 131, 110, 193, 115, 147, 25, 163, 101, 149, 185, 108, 77]
init_num: 194 spread_num: 199 S:[3, 7, 50, 39, 60, 53, 13, 5, 14, 145, 9, 114, 161, 104, 57, 34, 75, 71, 182, 59, 143, 81, 36, 55, 200, 27, 103, 68, 74, 64, 198, 156, 184, 154, 21, 32, 31, 116, 139, 123, 107, 10, 173, 92, 35, 61, 132, 56, 122, 192, 126, 141, 28, 33, 91, 133, 6, 42, 19, 85, 84, 150, 23, 18, 158, 2, 54, 171, 151, 179, 80, 99, 52, 44, 194, 109, 159, 138, 30, 20, 124, 48, 15, 111, 187, 106, 117, 172, 160, 102, 63, 17, 155, 127, 157, 128, 118, 190, 73, 26, 4, 97, 153, 22, 142, 188, 65, 12, 98, 46, 29, 72, 169, 90, 0, 125, 51, 83, 69, 197, 191, 62, 170, 1, 37, 167, 58, 199, 144, 40, 47, 88, 49, 129, 134, 181, 112, 79, 100, 43, 140, 120, 45, 152, 177, 67, 38, 8, 24, 178, 164, 174, 82, 70, 189, 96, 168, 16, 130, 121, 148, 175, 165, 113, 105, 186, 89, 94, 87, 41, 196, 176, 137, 166, 78, 162, 195, 76, 183, 119, 136, 131, 110, 193, 115, 147, 25, 163, 101, 149, 185, 108, 77, 146]
init_num: 195 spread_num: 199 S:[3, 7, 50, 39, 60, 53, 13, 5, 14, 145, 9, 114, 161, 104, 57, 34, 75, 71, 182, 59, 143, 81, 36, 55, 200, 27, 103, 68, 74, 64, 198, 156, 184, 154, 21, 32, 31, 116, 139, 123, 107, 10, 173, 92, 35, 61, 132, 56, 122, 192, 126, 141, 28, 33, 91, 133, 6, 42, 19, 85, 84, 150, 23, 18, 158, 2, 54, 171, 151, 179, 80, 99, 52, 44, 194, 109, 159, 138, 30, 20, 124, 48, 15, 111, 187, 106, 117, 172, 160, 102, 63, 17, 155, 127, 157, 128, 118, 190, 73, 26, 4, 97, 153, 22, 142, 188, 65, 12, 98, 46, 29, 72, 169, 90, 0, 125, 51, 83, 69, 197, 191, 62, 170, 1, 37, 167, 58, 199, 144, 40, 47, 88, 49, 129, 134, 181, 112, 79, 100, 43, 140, 120, 45, 152, 177, 67, 38, 8, 24, 178, 164, 174, 82, 70, 189, 96, 168, 16, 130, 121, 148, 175, 165, 113, 105, 186, 89, 94, 87, 41, 196, 176, 137, 166, 78, 162, 195, 76, 183, 119, 136, 131, 110, 193, 115, 147, 25, 163, 101, 149, 185, 108, 77, 146, 135]
init_num: 196 spread_num: 200 S:[3, 7, 50, 39, 60, 53, 13, 5, 14, 145, 9, 114, 161, 104, 57, 34, 75, 71, 182, 59, 143, 81, 36, 55, 200, 27, 103, 68, 74, 64, 198, 156, 184, 154, 21, 32, 31, 116, 139, 123, 107, 10, 173, 92, 35, 61, 132, 56, 122, 192, 126, 141, 28, 33, 91, 133, 6, 42, 19, 85, 84, 150, 23, 18, 158, 2, 54, 171, 151, 179, 80, 99, 52, 44, 194, 109, 159, 138, 30, 20, 124, 48, 15, 111, 187, 106, 117, 172, 160, 102, 63, 17, 155, 127, 157, 128, 118, 190, 73, 26, 4, 97, 153, 22, 142, 188, 65, 12, 98, 46, 29, 72, 169, 90, 0, 125, 51, 83, 69, 197, 191, 62, 170, 1, 37, 167, 58, 199, 144, 40, 47, 88, 49, 129, 134, 181, 112, 79, 100, 43, 140, 120, 45, 152, 177, 67, 38, 8, 24, 178, 164, 174, 82, 70, 189, 96, 168, 16, 130, 121, 148, 175, 165, 113, 105, 186, 89, 94, 87, 41, 196, 176, 137, 166, 78, 162, 195, 76, 183, 119, 136, 131, 110, 193, 115, 147, 25, 163, 101, 149, 185, 108, 77, 146, 135, 180]
init_num: 197 spread_num: 201 S:[3, 7, 50, 39, 60, 53, 13, 5, 14, 145, 9, 114, 161, 104, 57, 34, 75, 71, 182, 59, 143, 81, 36, 55, 200, 27, 103, 68, 74, 64, 198, 156, 184, 154, 21, 32, 31, 116, 139, 123, 107, 10, 173, 92, 35, 61, 132, 56, 122, 192, 126, 141, 28, 33, 91, 133, 6, 42, 19, 85, 84, 150, 23, 18, 158, 2, 54, 171, 151, 179, 80, 99, 52, 44, 194, 109, 159, 138, 30, 20, 124, 48, 15, 111, 187, 106, 117, 172, 160, 102, 63, 17, 155, 127, 157, 128, 118, 190, 73, 26, 4, 97, 153, 22, 142, 188, 65, 12, 98, 46, 29, 72, 169, 90, 0, 125, 51, 83, 69, 197, 191, 62, 170, 1, 37, 167, 58, 199, 144, 40, 47, 88, 49, 129, 134, 181, 112, 79, 100, 43, 140, 120, 45, 152, 177, 67, 38, 8, 24, 178, 164, 174, 82, 70, 189, 96, 168, 16, 130, 121, 148, 175, 165, 113, 105, 186, 89, 94, 87, 41, 196, 176, 137, 166, 78, 162, 195, 76, 183, 119, 136, 131, 110, 193, 115, 147, 25, 163, 101, 149, 185, 108, 77, 146, 135, 180, 11]
