init_num: 1 spread_num: 9 S:[9]
init_num: 2 spread_num: 18 S:[9, 99]
init_num: 3 spread_num: 20 S:[9, 99, 49]
init_num: 4 spread_num: 27 S:[9, 99, 49, 20]
init_num: 5 spread_num: 32 S:[9, 99, 49, 20, 30]
init_num: 6 spread_num: 39 S:[9, 99, 49, 20, 30, 179]
init_num: 7 spread_num: 42 S:[9, 99, 49, 20, 30, 179, 18]
init_num: 8 spread_num: 48 S:[9, 99, 49, 20, 30, 179, 18, 181]
init_num: 9 spread_num: 46 S:[9, 99, 49, 20, 30, 179, 18, 181, 198]
init_num: 10 spread_num: 41 S:[9, 99, 49, 20, 30, 179, 18, 181, 198, 106]
init_num: 11 spread_num: 60 S:[9, 99, 49, 20, 30, 179, 18, 181, 198, 106, 19]
init_num: 12 spread_num: 51 S:[9, 99, 49, 20, 30, 179, 18, 181, 198, 106, 19, 119]
init_num: 13 spread_num: 55 S:[9, 99, 49, 20, 30, 179, 18, 181, 198, 106, 19, 119, 4]
init_num: 14 spread_num: 52 S:[9, 99, 49, 20, 30, 179, 18, 181, 198, 106, 19, 119, 4, 115]
init_num: 15 spread_num: 56 S:[9, 99, 49, 20, 30, 179, 18, 181, 198, 106, 19, 119, 4, 115, 168]
init_num: 16 spread_num: 59 S:[9, 99, 49, 20, 30, 179, 18, 181, 198, 106, 19, 119, 4, 115, 168, 97]
init_num: 17 spread_num: 57 S:[9, 99, 49, 20, 30, 179, 18, 181, 198, 106, 19, 119, 4, 115, 168, 97, 69]
init_num: 18 spread_num: 62 S:[9, 99, 49, 20, 30, 179, 18, 181, 198, 106, 19, 119, 4, 115, 168, 97, 69, 101]
init_num: 19 spread_num: 63 S:[9, 99, 49, 20, 30, 179, 18, 181, 198, 106, 19, 119, 4, 115, 168, 97, 69, 101, 46]
init_num: 20 spread_num: 64 S:[9, 99, 49, 20, 30, 179, 18, 181, 198, 106, 19, 119, 4, 115, 168, 97, 69, 101, 46, 176]
init_num: 21 spread_num: 66 S:[9, 99, 49, 20, 30, 179, 18, 181, 198, 106, 19, 119, 4, 115, 168, 97, 69, 101, 46, 176, 32]
init_num: 22 spread_num: 67 S:[9, 99, 49, 20, 30, 179, 18, 181, 198, 106, 19, 119, 4, 115, 168, 97, 69, 101, 46, 176, 32, 182]
init_num: 23 spread_num: 70 S:[9, 99, 49, 20, 30, 179, 18, 181, 198, 106, 19, 119, 4, 115, 168, 97, 69, 101, 46, 176, 32, 182, 16]
init_num: 24 spread_num: 70 S:[9, 99, 49, 20, 30, 179, 18, 181, 198, 106, 19, 119, 4, 115, 168, 97, 69, 101, 46, 176, 32, 182, 16, 58]
init_num: 25 spread_num: 72 S:[9, 99, 49, 20, 30, 179, 18, 181, 198, 106, 19, 119, 4, 115, 168, 97, 69, 101, 46, 176, 32, 182, 16, 58, 65]
init_num: 26 spread_num: 77 S:[9, 99, 49, 20, 30, 179, 18, 181, 198, 106, 19, 119, 4, 115, 168, 97, 69, 101, 46, 176, 32, 182, 16, 58, 65, 7]
init_num: 27 spread_num: 76 S:[9, 99, 49, 20, 30, 179, 18, 181, 198, 106, 19, 119, 4, 115, 168, 97, 69, 101, 46, 176, 32, 182, 16, 58, 65, 7, 71]
init_num: 28 spread_num: 77 S:[9, 99, 49, 20, 30, 179, 18, 181, 198, 106, 19, 119, 4, 115, 168, 97, 69, 101, 46, 176, 32, 182, 16, 58, 65, 7, 71, 166]
init_num: 29 spread_num: 78 S:[9, 99, 49, 20, 30, 179, 18, 181, 198, 106, 19, 119, 4, 115, 168, 97, 69, 101, 46, 176, 32, 182, 16, 58, 65, 7, 71, 166, 33]
init_num: 30 spread_num: 82 S:[9, 99, 49, 20, 30, 179, 18, 181, 198, 106, 19, 119, 4, 115, 168, 97, 69, 101, 46, 176, 32, 182, 16, 58, 65, 7, 71, 166, 33, 184]
init_num: 31 spread_num: 84 S:[9, 99, 49, 20, 30, 179, 18, 181, 198, 106, 19, 119, 4, 115, 168, 97, 69, 101, 46, 176, 32, 182, 16, 58, 65, 7, 71, 166, 33, 184, 28]
init_num: 32 spread_num: 84 S:[9, 99, 49, 20, 30, 179, 18, 181, 198, 106, 19, 119, 4, 115, 168, 97, 69, 101, 46, 176, 32, 182, 16, 58, 65, 7, 71, 166, 33, 184, 28, 117]
init_num: 33 spread_num: 89 S:[9, 99, 49, 20, 30, 179, 18, 181, 198, 106, 19, 119, 4, 115, 168, 97, 69, 101, 46, 176, 32, 182, 16, 58, 65, 7, 71, 166, 33, 184, 28, 117, 128]
init_num: 34 spread_num: 87 S:[9, 99, 49, 20, 30, 179, 18, 181, 198, 106, 19, 119, 4, 115, 168, 97, 69, 101, 46, 176, 32, 182, 16, 58, 65, 7, 71, 166, 33, 184, 28, 117, 128, 148]
init_num: 35 spread_num: 86 S:[9, 99, 49, 20, 30, 179, 18, 181, 198, 106, 19, 119, 4, 115, 168, 97, 69, 101, 46, 176, 32, 182, 16, 58, 65, 7, 71, 166, 33, 184, 28, 117, 128, 148, 195]
init_num: 36 spread_num: 87 S:[9, 99, 49, 20, 30, 179, 18, 181, 198, 106, 19, 119, 4, 115, 168, 97, 69, 101, 46, 176, 32, 182, 16, 58, 65, 7, 71, 166, 33, 184, 28, 117, 128, 148, 195, 57]
init_num: 37 spread_num: 93 S:[9, 99, 49, 20, 30, 179, 18, 181, 198, 106, 19, 119, 4, 115, 168, 97, 69, 101, 46, 176, 32, 182, 16, 58, 65, 7, 71, 166, 33, 184, 28, 117, 128, 148, 195, 57, 164]
init_num: 38 spread_num: 98 S:[9, 99, 49, 20, 30, 179, 18, 181, 198, 106, 19, 119, 4, 115, 168, 97, 69, 101, 46, 176, 32, 182, 16, 58, 65, 7, 71, 166, 33, 184, 28, 117, 128, 148, 195, 57, 164, 40]
init_num: 39 spread_num: 90 S:[9, 99, 49, 20, 30, 179, 18, 181, 198, 106, 19, 119, 4, 115, 168, 97, 69, 101, 46, 176, 32, 182, 16, 58, 65, 7, 71, 166, 33, 184, 28, 117, 128, 148, 195, 57, 164, 40, 165]
init_num: 40 spread_num: 93 S:[9, 99, 49, 20, 30, 179, 18, 181, 198, 106, 19, 119, 4, 115, 168, 97, 69, 101, 46, 176, 32, 182, 16, 58, 65, 7, 71, 166, 33, 184, 28, 117, 128, 148, 195, 57, 164, 40, 165, 109]
init_num: 41 spread_num: 93 S:[9, 99, 49, 20, 30, 179, 18, 181, 198, 106, 19, 119, 4, 115, 168, 97, 69, 101, 46, 176, 32, 182, 16, 58, 65, 7, 71, 166, 33, 184, 28, 117, 128, 148, 195, 57, 164, 40, 165, 109, 173]
init_num: 42 spread_num: 95 S:[9, 99, 49, 20, 30, 179, 18, 181, 198, 106, 19, 119, 4, 115, 168, 97, 69, 101, 46, 176, 32, 182, 16, 58, 65, 7, 71, 166, 33, 184, 28, 117, 128, 148, 195, 57, 164, 40, 165, 109, 173, 186]
init_num: 43 spread_num: 93 S:[9, 99, 49, 20, 30, 179, 18, 181, 198, 106, 19, 119, 4, 115, 168, 97, 69, 101, 46, 176, 32, 182, 16, 58, 65, 7, 71, 166, 33, 184, 28, 117, 128, 148, 195, 57, 164, 40, 165, 109, 173, 186, 172]
init_num: 44 spread_num: 94 S:[9, 99, 49, 20, 30, 179, 18, 181, 198, 106, 19, 119, 4, 115, 168, 97, 69, 101, 46, 176, 32, 182, 16, 58, 65, 7, 71, 166, 33, 184, 28, 117, 128, 148, 195, 57, 164, 40, 165, 109, 173, 186, 172, 87]
init_num: 45 spread_num: 96 S:[9, 99, 49, 20, 30, 179, 18, 181, 198, 106, 19, 119, 4, 115, 168, 97, 69, 101, 46, 176, 32, 182, 16, 58, 65, 7, 71, 166, 33, 184, 28, 117, 128, 148, 195, 57, 164, 40, 165, 109, 173, 186, 172, 87, 26]
init_num: 46 spread_num: 100 S:[9, 99, 49, 20, 30, 179, 18, 181, 198, 106, 19, 119, 4, 115, 168, 97, 69, 101, 46, 176, 32, 182, 16, 58, 65, 7, 71, 166, 33, 184, 28, 117, 128, 148, 195, 57, 164, 40, 165, 109, 173, 186, 172, 87, 26, 52]
init_num: 47 spread_num: 100 S:[9, 99, 49, 20, 30, 179, 18, 181, 198, 106, 19, 119, 4, 115, 168, 97, 69, 101, 46, 176, 32, 182, 16, 58, 65, 7, 71, 166, 33, 184, 28, 117, 128, 148, 195, 57, 164, 40, 165, 109, 173, 186, 172, 87, 26, 52, 78]
init_num: 48 spread_num: 102 S:[9, 99, 49, 20, 30, 179, 18, 181, 198, 106, 19, 119, 4, 115, 168, 97, 69, 101, 46, 176, 32, 182, 16, 58, 65, 7, 71, 166, 33, 184, 28, 117, 128, 148, 195, 57, 164, 40, 165, 109, 173, 186, 172, 87, 26, 52, 78, 39]
init_num: 49 spread_num: 106 S:[9, 99, 49, 20, 30, 179, 18, 181, 198, 106, 19, 119, 4, 115, 168, 97, 69, 101, 46, 176, 32, 182, 16, 58, 65, 7, 71, 166, 33, 184, 28, 117, 128, 148, 195, 57, 164, 40, 165, 109, 173, 186, 172, 87, 26, 52, 78, 39, 76]
init_num: 50 spread_num: 111 S:[9, 99, 49, 20, 30, 179, 18, 181, 198, 106, 19, 119, 4, 115, 168, 97, 69, 101, 46, 176, 32, 182, 16, 58, 65, 7, 71, 166, 33, 184, 28, 117, 128, 148, 195, 57, 164, 40, 165, 109, 173, 186, 172, 87, 26, 52, 78, 39, 76, 63]
init_num: 51 spread_num: 122 S:[9, 99, 49, 20, 30, 179, 18, 181, 198, 106, 19, 119, 4, 115, 168, 97, 69, 101, 46, 176, 32, 182, 16, 58, 65, 7, 71, 166, 33, 184, 28, 117, 128, 148, 195, 57, 164, 40, 165, 109, 173, 186, 172, 87, 26, 52, 78, 39, 76, 63, 114]
init_num: 52 spread_num: 114 S:[9, 99, 49, 20, 30, 179, 18, 181, 198, 106, 19, 119, 4, 115, 168, 97, 69, 101, 46, 176, 32, 182, 16, 58, 65, 7, 71, 166, 33, 184, 28, 117, 128, 148, 195, 57, 164, 40, 165, 109, 173, 186, 172, 87, 26, 52, 78, 39, 76, 63, 114, 110]
init_num: 53 spread_num: 106 S:[9, 99, 49, 20, 30, 179, 18, 181, 198, 106, 19, 119, 4, 115, 168, 97, 69, 101, 46, 176, 32, 182, 16, 58, 65, 7, 71, 166, 33, 184, 28, 117, 128, 148, 195, 57, 164, 40, 165, 109, 173, 186, 172, 87, 26, 52, 78, 39, 76, 63, 114, 110, 196]
init_num: 54 spread_num: 115 S:[9, 99, 49, 20, 30, 179, 18, 181, 198, 106, 19, 119, 4, 115, 168, 97, 69, 101, 46, 176, 32, 182, 16, 58, 65, 7, 71, 166, 33, 184, 28, 117, 128, 148, 195, 57, 164, 40, 165, 109, 173, 186, 172, 87, 26, 52, 78, 39, 76, 63, 114, 110, 196, 143]
init_num: 55 spread_num: 113 S:[9, 99, 49, 20, 30, 179, 18, 181, 198, 106, 19, 119, 4, 115, 168, 97, 69, 101, 46, 176, 32, 182, 16, 58, 65, 7, 71, 166, 33, 184, 28, 117, 128, 148, 195, 57, 164, 40, 165, 109, 173, 186, 172, 87, 26, 52, 78, 39, 76, 63, 114, 110, 196, 143, 34]
init_num: 56 spread_num: 114 S:[9, 99, 49, 20, 30, 179, 18, 181, 198, 106, 19, 119, 4, 115, 168, 97, 69, 101, 46, 176, 32, 182, 16, 58, 65, 7, 71, 166, 33, 184, 28, 117, 128, 148, 195, 57, 164, 40, 165, 109, 173, 186, 172, 87, 26, 52, 78, 39, 76, 63, 114, 110, 196, 143, 34, 100]
init_num: 57 spread_num: 113 S:[9, 99, 49, 20, 30, 179, 18, 181, 198, 106, 19, 119, 4, 115, 168, 97, 69, 101, 46, 176, 32, 182, 16, 58, 65, 7, 71, 166, 33, 184, 28, 117, 128, 148, 195, 57, 164, 40, 165, 109, 173, 186, 172, 87, 26, 52, 78, 39, 76, 63, 114, 110, 196, 143, 34, 100, 60]
init_num: 58 spread_num: 115 S:[9, 99, 49, 20, 30, 179, 18, 181, 198, 106, 19, 119, 4, 115, 168, 97, 69, 101, 46, 176, 32, 182, 16, 58, 65, 7, 71, 166, 33, 184, 28, 117, 128, 148, 195, 57, 164, 40, 165, 109, 173, 186, 172, 87, 26, 52, 78, 39, 76, 63, 114, 110, 196, 143, 34, 100, 60, 98]
init_num: 59 spread_num: 113 S:[9, 99, 49, 20, 30, 179, 18, 181, 198, 106, 19, 119, 4, 115, 168, 97, 69, 101, 46, 176, 32, 182, 16, 58, 65, 7, 71, 166, 33, 184, 28, 117, 128, 148, 195, 57, 164, 40, 165, 109, 173, 186, 172, 87, 26, 52, 78, 39, 76, 63, 114, 110, 196, 143, 34, 100, 60, 98, 171]
init_num: 60 spread_num: 119 S:[9, 99, 49, 20, 30, 179, 18, 181, 198, 106, 19, 119, 4, 115, 168, 97, 69, 101, 46, 176, 32, 182, 16, 58, 65, 7, 71, 166, 33, 184, 28, 117, 128, 148, 195, 57, 164, 40, 165, 109, 173, 186, 172, 87, 26, 52, 78, 39, 76, 63, 114, 110, 196, 143, 34, 100, 60, 98, 171, 102]
init_num: 61 spread_num: 118 S:[9, 99, 49, 20, 30, 179, 18, 181, 198, 106, 19, 119, 4, 115, 168, 97, 69, 101, 46, 176, 32, 182, 16, 58, 65, 7, 71, 166, 33, 184, 28, 117, 128, 148, 195, 57, 164, 40, 165, 109, 173, 186, 172, 87, 26, 52, 78, 39, 76, 63, 114, 110, 196, 143, 34, 100, 60, 98, 171, 102, 61]
init_num: 62 spread_num: 120 S:[9, 99, 49, 20, 30, 179, 18, 181, 198, 106, 19, 119, 4, 115, 168, 97, 69, 101, 46, 176, 32, 182, 16, 58, 65, 7, 71, 166, 33, 184, 28, 117, 128, 148, 195, 57, 164, 40, 165, 109, 173, 186, 172, 87, 26, 52, 78, 39, 76, 63, 114, 110, 196, 143, 34, 100, 60, 98, 171, 102, 61, 37]
init_num: 63 spread_num: 127 S:[9, 99, 49, 20, 30, 179, 18, 181, 198, 106, 19, 119, 4, 115, 168, 97, 69, 101, 46, 176, 32, 182, 16, 58, 65, 7, 71, 166, 33, 184, 28, 117, 128, 148, 195, 57, 164, 40, 165, 109, 173, 186, 172, 87, 26, 52, 78, 39, 76, 63, 114, 110, 196, 143, 34, 100, 60, 98, 171, 102, 61, 37, 8]
init_num: 64 spread_num: 127 S:[9, 99, 49, 20, 30, 179, 18, 181, 198, 106, 19, 119, 4, 115, 168, 97, 69, 101, 46, 176, 32, 182, 16, 58, 65, 7, 71, 166, 33, 184, 28, 117, 128, 148, 195, 57, 164, 40, 165, 109, 173, 186, 172, 87, 26, 52, 78, 39, 76, 63, 114, 110, 196, 143, 34, 100, 60, 98, 171, 102, 61, 37, 8, 79]
init_num: 65 spread_num: 125 S:[9, 99, 49, 20, 30, 179, 18, 181, 198, 106, 19, 119, 4, 115, 168, 97, 69, 101, 46, 176, 32, 182, 16, 58, 65, 7, 71, 166, 33, 184, 28, 117, 128, 148, 195, 57, 164, 40, 165, 109, 173, 186, 172, 87, 26, 52, 78, 39, 76, 63, 114, 110, 196, 143, 34, 100, 60, 98, 171, 102, 61, 37, 8, 79, 13]
init_num: 66 spread_num: 125 S:[9, 99, 49, 20, 30, 179, 18, 181, 198, 106, 19, 119, 4, 115, 168, 97, 69, 101, 46, 176, 32, 182, 16, 58, 65, 7, 71, 166, 33, 184, 28, 117, 128, 148, 195, 57, 164, 40, 165, 109, 173, 186, 172, 87, 26, 52, 78, 39, 76, 63, 114, 110, 196, 143, 34, 100, 60, 98, 171, 102, 61, 37, 8, 79, 13, 123]
init_num: 67 spread_num: 128 S:[9, 99, 49, 20, 30, 179, 18, 181, 198, 106, 19, 119, 4, 115, 168, 97, 69, 101, 46, 176, 32, 182, 16, 58, 65, 7, 71, 166, 33, 184, 28, 117, 128, 148, 195, 57, 164, 40, 165, 109, 173, 186, 172, 87, 26, 52, 78, 39, 76, 63, 114, 110, 196, 143, 34, 100, 60, 98, 171, 102, 61, 37, 8, 79, 13, 123, 35]
init_num: 68 spread_num: 133 S:[9, 99, 49, 20, 30, 179, 18, 181, 198, 106, 19, 119, 4, 115, 168, 97, 69, 101, 46, 176, 32, 182, 16, 58, 65, 7, 71, 166, 33, 184, 28, 117, 128, 148, 195, 57, 164, 40, 165, 109, 173, 186, 172, 87, 26, 52, 78, 39, 76, 63, 114, 110, 196, 143, 34, 100, 60, 98, 171, 102, 61, 37, 8, 79, 13, 123, 35, 27]
init_num: 69 spread_num: 128 S:[9, 99, 49, 20, 30, 179, 18, 181, 198, 106, 19, 119, 4, 115, 168, 97, 69, 101, 46, 176, 32, 182, 16, 58, 65, 7, 71, 166, 33, 184, 28, 117, 128, 148, 195, 57, 164, 40, 165, 109, 173, 186, 172, 87, 26, 52, 78, 39, 76, 63, 114, 110, 196, 143, 34, 100, 60, 98, 171, 102, 61, 37, 8, 79, 13, 123, 35, 27, 55]
init_num: 70 spread_num: 133 S:[9, 99, 49, 20, 30, 179, 18, 181, 198, 106, 19, 119, 4, 115, 168, 97, 69, 101, 46, 176, 32, 182, 16, 58, 65, 7, 71, 166, 33, 184, 28, 117, 128, 148, 195, 57, 164, 40, 165, 109, 173, 186, 172, 87, 26, 52, 78, 39, 76, 63, 114, 110, 196, 143, 34, 100, 60, 98, 171, 102, 61, 37, 8, 79, 13, 123, 35, 27, 55, 187]
init_num: 71 spread_num: 130 S:[9, 99, 49, 20, 30, 179, 18, 181, 198, 106, 19, 119, 4, 115, 168, 97, 69, 101, 46, 176, 32, 182, 16, 58, 65, 7, 71, 166, 33, 184, 28, 117, 128, 148, 195, 57, 164, 40, 165, 109, 173, 186, 172, 87, 26, 52, 78, 39, 76, 63, 114, 110, 196, 143, 34, 100, 60, 98, 171, 102, 61, 37, 8, 79, 13, 123, 35, 27, 55, 187, 191]
init_num: 72 spread_num: 130 S:[9, 99, 49, 20, 30, 179, 18, 181, 198, 106, 19, 119, 4, 115, 168, 97, 69, 101, 46, 176, 32, 182, 16, 58, 65, 7, 71, 166, 33, 184, 28, 117, 128, 148, 195, 57, 164, 40, 165, 109, 173, 186, 172, 87, 26, 52, 78, 39, 76, 63, 114, 110, 196, 143, 34, 100, 60, 98, 171, 102, 61, 37, 8, 79, 13, 123, 35, 27, 55, 187, 191, 140]
init_num: 73 spread_num: 136 S:[9, 99, 49, 20, 30, 179, 18, 181, 198, 106, 19, 119, 4, 115, 168, 97, 69, 101, 46, 176, 32, 182, 16, 58, 65, 7, 71, 166, 33, 184, 28, 117, 128, 148, 195, 57, 164, 40, 165, 109, 173, 186, 172, 87, 26, 52, 78, 39, 76, 63, 114, 110, 196, 143, 34, 100, 60, 98, 171, 102, 61, 37, 8, 79, 13, 123, 35, 27, 55, 187, 191, 140, 152]
init_num: 74 spread_num: 130 S:[9, 99, 49, 20, 30, 179, 18, 181, 198, 106, 19, 119, 4, 115, 168, 97, 69, 101, 46, 176, 32, 182, 16, 58, 65, 7, 71, 166, 33, 184, 28, 117, 128, 148, 195, 57, 164, 40, 165, 109, 173, 186, 172, 87, 26, 52, 78, 39, 76, 63, 114, 110, 196, 143, 34, 100, 60, 98, 171, 102, 61, 37, 8, 79, 13, 123, 35, 27, 55, 187, 191, 140, 152, 68]
init_num: 75 spread_num: 132 S:[9, 99, 49, 20, 30, 179, 18, 181, 198, 106, 19, 119, 4, 115, 168, 97, 69, 101, 46, 176, 32, 182, 16, 58, 65, 7, 71, 166, 33, 184, 28, 117, 128, 148, 195, 57, 164, 40, 165, 109, 173, 186, 172, 87, 26, 52, 78, 39, 76, 63, 114, 110, 196, 143, 34, 100, 60, 98, 171, 102, 61, 37, 8, 79, 13, 123, 35, 27, 55, 187, 191, 140, 152, 68, 84]
init_num: 76 spread_num: 131 S:[9, 99, 49, 20, 30, 179, 18, 181, 198, 106, 19, 119, 4, 115, 168, 97, 69, 101, 46, 176, 32, 182, 16, 58, 65, 7, 71, 166, 33, 184, 28, 117, 128, 148, 195, 57, 164, 40, 165, 109, 173, 186, 172, 87, 26, 52, 78, 39, 76, 63, 114, 110, 196, 143, 34, 100, 60, 98, 171, 102, 61, 37, 8, 79, 13, 123, 35, 27, 55, 187, 191, 140, 152, 68, 84, 74]
init_num: 77 spread_num: 133 S:[9, 99, 49, 20, 30, 179, 18, 181, 198, 106, 19, 119, 4, 115, 168, 97, 69, 101, 46, 176, 32, 182, 16, 58, 65, 7, 71, 166, 33, 184, 28, 117, 128, 148, 195, 57, 164, 40, 165, 109, 173, 186, 172, 87, 26, 52, 78, 39, 76, 63, 114, 110, 196, 143, 34, 100, 60, 98, 171, 102, 61, 37, 8, 79, 13, 123, 35, 27, 55, 187, 191, 140, 152, 68, 84, 74, 193]
init_num: 78 spread_num: 132 S:[9, 99, 49, 20, 30, 179, 18, 181, 198, 106, 19, 119, 4, 115, 168, 97, 69, 101, 46, 176, 32, 182, 16, 58, 65, 7, 71, 166, 33, 184, 28, 117, 128, 148, 195, 57, 164, 40, 165, 109, 173, 186, 172, 87, 26, 52, 78, 39, 76, 63, 114, 110, 196, 143, 34, 100, 60, 98, 171, 102, 61, 37, 8, 79, 13, 123, 35, 27, 55, 187, 191, 140, 152, 68, 84, 74, 193, 0]
init_num: 79 spread_num: 135 S:[9, 99, 49, 20, 30, 179, 18, 181, 198, 106, 19, 119, 4, 115, 168, 97, 69, 101, 46, 176, 32, 182, 16, 58, 65, 7, 71, 166, 33, 184, 28, 117, 128, 148, 195, 57, 164, 40, 165, 109, 173, 186, 172, 87, 26, 52, 78, 39, 76, 63, 114, 110, 196, 143, 34, 100, 60, 98, 171, 102, 61, 37, 8, 79, 13, 123, 35, 27, 55, 187, 191, 140, 152, 68, 84, 74, 193, 0, 139]
init_num: 80 spread_num: 134 S:[9, 99, 49, 20, 30, 179, 18, 181, 198, 106, 19, 119, 4, 115, 168, 97, 69, 101, 46, 176, 32, 182, 16, 58, 65, 7, 71, 166, 33, 184, 28, 117, 128, 148, 195, 57, 164, 40, 165, 109, 173, 186, 172, 87, 26, 52, 78, 39, 76, 63, 114, 110, 196, 143, 34, 100, 60, 98, 171, 102, 61, 37, 8, 79, 13, 123, 35, 27, 55, 187, 191, 140, 152, 68, 84, 74, 193, 0, 139, 169]
init_num: 81 spread_num: 136 S:[9, 99, 49, 20, 30, 179, 18, 181, 198, 106, 19, 119, 4, 115, 168, 97, 69, 101, 46, 176, 32, 182, 16, 58, 65, 7, 71, 166, 33, 184, 28, 117, 128, 148, 195, 57, 164, 40, 165, 109, 173, 186, 172, 87, 26, 52, 78, 39, 76, 63, 114, 110, 196, 143, 34, 100, 60, 98, 171, 102, 61, 37, 8, 79, 13, 123, 35, 27, 55, 187, 191, 140, 152, 68, 84, 74, 193, 0, 139, 169, 10]
init_num: 82 spread_num: 141 S:[9, 99, 49, 20, 30, 179, 18, 181, 198, 106, 19, 119, 4, 115, 168, 97, 69, 101, 46, 176, 32, 182, 16, 58, 65, 7, 71, 166, 33, 184, 28, 117, 128, 148, 195, 57, 164, 40, 165, 109, 173, 186, 172, 87, 26, 52, 78, 39, 76, 63, 114, 110, 196, 143, 34, 100, 60, 98, 171, 102, 61, 37, 8, 79, 13, 123, 35, 27, 55, 187, 191, 140, 152, 68, 84, 74, 193, 0, 139, 169, 10, 132]
init_num: 83 spread_num: 136 S:[9, 99, 49, 20, 30, 179, 18, 181, 198, 106, 19, 119, 4, 115, 168, 97, 69, 101, 46, 176, 32, 182, 16, 58, 65, 7, 71, 166, 33, 184, 28, 117, 128, 148, 195, 57, 164, 40, 165, 109, 173, 186, 172, 87, 26, 52, 78, 39, 76, 63, 114, 110, 196, 143, 34, 100, 60, 98, 171, 102, 61, 37, 8, 79, 13, 123, 35, 27, 55, 187, 191, 140, 152, 68, 84, 74, 193, 0, 139, 169, 10, 132, 73]
init_num: 84 spread_num: 142 S:[9, 99, 49, 20, 30, 179, 18, 181, 198, 106, 19, 119, 4, 115, 168, 97, 69, 101, 46, 176, 32, 182, 16, 58, 65, 7, 71, 166, 33, 184, 28, 117, 128, 148, 195, 57, 164, 40, 165, 109, 173, 186, 172, 87, 26, 52, 78, 39, 76, 63, 114, 110, 196, 143, 34, 100, 60, 98, 171, 102, 61, 37, 8, 79, 13, 123, 35, 27, 55, 187, 191, 140, 152, 68, 84, 74, 193, 0, 139, 169, 10, 132, 73, 29]
init_num: 85 spread_num: 147 S:[9, 99, 49, 20, 30, 179, 18, 181, 198, 106, 19, 119, 4, 115, 168, 97, 69, 101, 46, 176, 32, 182, 16, 58, 65, 7, 71, 166, 33, 184, 28, 117, 128, 148, 195, 57, 164, 40, 165, 109, 173, 186, 172, 87, 26, 52, 78, 39, 76, 63, 114, 110, 196, 143, 34, 100, 60, 98, 171, 102, 61, 37, 8, 79, 13, 123, 35, 27, 55, 187, 191, 140, 152, 68, 84, 74, 193, 0, 139, 169, 10, 132, 73, 29, 113]
init_num: 86 spread_num: 146 S:[9, 99, 49, 20, 30, 179, 18, 181, 198, 106, 19, 119, 4, 115, 168, 97, 69, 101, 46, 176, 32, 182, 16, 58, 65, 7, 71, 166, 33, 184, 28, 117, 128, 148, 195, 57, 164, 40, 165, 109, 173, 186, 172, 87, 26, 52, 78, 39, 76, 63, 114, 110, 196, 143, 34, 100, 60, 98, 171, 102, 61, 37, 8, 79, 13, 123, 35, 27, 55, 187, 191, 140, 152, 68, 84, 74, 193, 0, 139, 169, 10, 132, 73, 29, 113, 82]
init_num: 87 spread_num: 151 S:[9, 99, 49, 20, 30, 179, 18, 181, 198, 106, 19, 119, 4, 115, 168, 97, 69, 101, 46, 176, 32, 182, 16, 58, 65, 7, 71, 166, 33, 184, 28, 117, 128, 148, 195, 57, 164, 40, 165, 109, 173, 186, 172, 87, 26, 52, 78, 39, 76, 63, 114, 110, 196, 143, 34, 100, 60, 98, 171, 102, 61, 37, 8, 79, 13, 123, 35, 27, 55, 187, 191, 140, 152, 68, 84, 74, 193, 0, 139, 169, 10, 132, 73, 29, 113, 82, 138]
init_num: 88 spread_num: 145 S:[9, 99, 49, 20, 30, 179, 18, 181, 198, 106, 19, 119, 4, 115, 168, 97, 69, 101, 46, 176, 32, 182, 16, 58, 65, 7, 71, 166, 33, 184, 28, 117, 128, 148, 195, 57, 164, 40, 165, 109, 173, 186, 172, 87, 26, 52, 78, 39, 76, 63, 114, 110, 196, 143, 34, 100, 60, 98, 171, 102, 61, 37, 8, 79, 13, 123, 35, 27, 55, 187, 191, 140, 152, 68, 84, 74, 193, 0, 139, 169, 10, 132, 73, 29, 113, 82, 138, 21]
init_num: 89 spread_num: 143 S:[9, 99, 49, 20, 30, 179, 18, 181, 198, 106, 19, 119, 4, 115, 168, 97, 69, 101, 46, 176, 32, 182, 16, 58, 65, 7, 71, 166, 33, 184, 28, 117, 128, 148, 195, 57, 164, 40, 165, 109, 173, 186, 172, 87, 26, 52, 78, 39, 76, 63, 114, 110, 196, 143, 34, 100, 60, 98, 171, 102, 61, 37, 8, 79, 13, 123, 35, 27, 55, 187, 191, 140, 152, 68, 84, 74, 193, 0, 139, 169, 10, 132, 73, 29, 113, 82, 138, 21, 177]
init_num: 90 spread_num: 142 S:[9, 99, 49, 20, 30, 179, 18, 181, 198, 106, 19, 119, 4, 115, 168, 97, 69, 101, 46, 176, 32, 182, 16, 58, 65, 7, 71, 166, 33, 184, 28, 117, 128, 148, 195, 57, 164, 40, 165, 109, 173, 186, 172, 87, 26, 52, 78, 39, 76, 63, 114, 110, 196, 143, 34, 100, 60, 98, 171, 102, 61, 37, 8, 79, 13, 123, 35, 27, 55, 187, 191, 140, 152, 68, 84, 74, 193, 0, 139, 169, 10, 132, 73, 29, 113, 82, 138, 21, 177, 116]
init_num: 91 spread_num: 146 S:[9, 99, 49, 20, 30, 179, 18, 181, 198, 106, 19, 119, 4, 115, 168, 97, 69, 101, 46, 176, 32, 182, 16, 58, 65, 7, 71, 166, 33, 184, 28, 117, 128, 148, 195, 57, 164, 40, 165, 109, 173, 186, 172, 87, 26, 52, 78, 39, 76, 63, 114, 110, 196, 143, 34, 100, 60, 98, 171, 102, 61, 37, 8, 79, 13, 123, 35, 27, 55, 187, 191, 140, 152, 68, 84, 74, 193, 0, 139, 169, 10, 132, 73, 29, 113, 82, 138, 21, 177, 116, 163]
init_num: 92 spread_num: 148 S:[9, 99, 49, 20, 30, 179, 18, 181, 198, 106, 19, 119, 4, 115, 168, 97, 69, 101, 46, 176, 32, 182, 16, 58, 65, 7, 71, 166, 33, 184, 28, 117, 128, 148, 195, 57, 164, 40, 165, 109, 173, 186, 172, 87, 26, 52, 78, 39, 76, 63, 114, 110, 196, 143, 34, 100, 60, 98, 171, 102, 61, 37, 8, 79, 13, 123, 35, 27, 55, 187, 191, 140, 152, 68, 84, 74, 193, 0, 139, 169, 10, 132, 73, 29, 113, 82, 138, 21, 177, 116, 163, 80]
init_num: 93 spread_num: 148 S:[9, 99, 49, 20, 30, 179, 18, 181, 198, 106, 19, 119, 4, 115, 168, 97, 69, 101, 46, 176, 32, 182, 16, 58, 65, 7, 71, 166, 33, 184, 28, 117, 128, 148, 195, 57, 164, 40, 165, 109, 173, 186, 172, 87, 26, 52, 78, 39, 76, 63, 114, 110, 196, 143, 34, 100, 60, 98, 171, 102, 61, 37, 8, 79, 13, 123, 35, 27, 55, 187, 191, 140, 152, 68, 84, 74, 193, 0, 139, 169, 10, 132, 73, 29, 113, 82, 138, 21, 177, 116, 163, 80, 83]
init_num: 94 spread_num: 148 S:[9, 99, 49, 20, 30, 179, 18, 181, 198, 106, 19, 119, 4, 115, 168, 97, 69, 101, 46, 176, 32, 182, 16, 58, 65, 7, 71, 166, 33, 184, 28, 117, 128, 148, 195, 57, 164, 40, 165, 109, 173, 186, 172, 87, 26, 52, 78, 39, 76, 63, 114, 110, 196, 143, 34, 100, 60, 98, 171, 102, 61, 37, 8, 79, 13, 123, 35, 27, 55, 187, 191, 140, 152, 68, 84, 74, 193, 0, 139, 169, 10, 132, 73, 29, 113, 82, 138, 21, 177, 116, 163, 80, 83, 62]
init_num: 95 spread_num: 151 S:[9, 99, 49, 20, 30, 179, 18, 181, 198, 106, 19, 119, 4, 115, 168, 97, 69, 101, 46, 176, 32, 182, 16, 58, 65, 7, 71, 166, 33, 184, 28, 117, 128, 148, 195, 57, 164, 40, 165, 109, 173, 186, 172, 87, 26, 52, 78, 39, 76, 63, 114, 110, 196, 143, 34, 100, 60, 98, 171, 102, 61, 37, 8, 79, 13, 123, 35, 27, 55, 187, 191, 140, 152, 68, 84, 74, 193, 0, 139, 169, 10, 132, 73, 29, 113, 82, 138, 21, 177, 116, 163, 80, 83, 62, 66]
init_num: 96 spread_num: 146 S:[9, 99, 49, 20, 30, 179, 18, 181, 198, 106, 19, 119, 4, 115, 168, 97, 69, 101, 46, 176, 32, 182, 16, 58, 65, 7, 71, 166, 33, 184, 28, 117, 128, 148, 195, 57, 164, 40, 165, 109, 173, 186, 172, 87, 26, 52, 78, 39, 76, 63, 114, 110, 196, 143, 34, 100, 60, 98, 171, 102, 61, 37, 8, 79, 13, 123, 35, 27, 55, 187, 191, 140, 152, 68, 84, 74, 193, 0, 139, 169, 10, 132, 73, 29, 113, 82, 138, 21, 177, 116, 163, 80, 83, 62, 66, 48]
init_num: 97 spread_num: 151 S:[9, 99, 49, 20, 30, 179, 18, 181, 198, 106, 19, 119, 4, 115, 168, 97, 69, 101, 46, 176, 32, 182, 16, 58, 65, 7, 71, 166, 33, 184, 28, 117, 128, 148, 195, 57, 164, 40, 165, 109, 173, 186, 172, 87, 26, 52, 78, 39, 76, 63, 114, 110, 196, 143, 34, 100, 60, 98, 171, 102, 61, 37, 8, 79, 13, 123, 35, 27, 55, 187, 191, 140, 152, 68, 84, 74, 193, 0, 139, 169, 10, 132, 73, 29, 113, 82, 138, 21, 177, 116, 163, 80, 83, 62, 66, 48, 129]
init_num: 98 spread_num: 151 S:[9, 99, 49, 20, 30, 179, 18, 181, 198, 106, 19, 119, 4, 115, 168, 97, 69, 101, 46, 176, 32, 182, 16, 58, 65, 7, 71, 166, 33, 184, 28, 117, 128, 148, 195, 57, 164, 40, 165, 109, 173, 186, 172, 87, 26, 52, 78, 39, 76, 63, 114, 110, 196, 143, 34, 100, 60, 98, 171, 102, 61, 37, 8, 79, 13, 123, 35, 27, 55, 187, 191, 140, 152, 68, 84, 74, 193, 0, 139, 169, 10, 132, 73, 29, 113, 82, 138, 21, 177, 116, 163, 80, 83, 62, 66, 48, 129, 54]
init_num: 99 spread_num: 152 S:[9, 99, 49, 20, 30, 179, 18, 181, 198, 106, 19, 119, 4, 115, 168, 97, 69, 101, 46, 176, 32, 182, 16, 58, 65, 7, 71, 166, 33, 184, 28, 117, 128, 148, 195, 57, 164, 40, 165, 109, 173, 186, 172, 87, 26, 52, 78, 39, 76, 63, 114, 110, 196, 143, 34, 100, 60, 98, 171, 102, 61, 37, 8, 79, 13, 123, 35, 27, 55, 187, 191, 140, 152, 68, 84, 74, 193, 0, 139, 169, 10, 132, 73, 29, 113, 82, 138, 21, 177, 116, 163, 80, 83, 62, 66, 48, 129, 54, 167]
init_num: 100 spread_num: 151 S:[9, 99, 49, 20, 30, 179, 18, 181, 198, 106, 19, 119, 4, 115, 168, 97, 69, 101, 46, 176, 32, 182, 16, 58, 65, 7, 71, 166, 33, 184, 28, 117, 128, 148, 195, 57, 164, 40, 165, 109, 173, 186, 172, 87, 26, 52, 78, 39, 76, 63, 114, 110, 196, 143, 34, 100, 60, 98, 171, 102, 61, 37, 8, 79, 13, 123, 35, 27, 55, 187, 191, 140, 152, 68, 84, 74, 193, 0, 139, 169, 10, 132, 73, 29, 113, 82, 138, 21, 177, 116, 163, 80, 83, 62, 66, 48, 129, 54, 167, 199]
init_num: 101 spread_num: 152 S:[9, 99, 49, 20, 30, 179, 18, 181, 198, 106, 19, 119, 4, 115, 168, 97, 69, 101, 46, 176, 32, 182, 16, 58, 65, 7, 71, 166, 33, 184, 28, 117, 128, 148, 195, 57, 164, 40, 165, 109, 173, 186, 172, 87, 26, 52, 78, 39, 76, 63, 114, 110, 196, 143, 34, 100, 60, 98, 171, 102, 61, 37, 8, 79, 13, 123, 35, 27, 55, 187, 191, 140, 152, 68, 84, 74, 193, 0, 139, 169, 10, 132, 73, 29, 113, 82, 138, 21, 177, 116, 163, 80, 83, 62, 66, 48, 129, 54, 167, 199, 194]
init_num: 102 spread_num: 152 S:[9, 99, 49, 20, 30, 179, 18, 181, 198, 106, 19, 119, 4, 115, 168, 97, 69, 101, 46, 176, 32, 182, 16, 58, 65, 7, 71, 166, 33, 184, 28, 117, 128, 148, 195, 57, 164, 40, 165, 109, 173, 186, 172, 87, 26, 52, 78, 39, 76, 63, 114, 110, 196, 143, 34, 100, 60, 98, 171, 102, 61, 37, 8, 79, 13, 123, 35, 27, 55, 187, 191, 140, 152, 68, 84, 74, 193, 0, 139, 169, 10, 132, 73, 29, 113, 82, 138, 21, 177, 116, 163, 80, 83, 62, 66, 48, 129, 54, 167, 199, 194, 156]
init_num: 103 spread_num: 154 S:[9, 99, 49, 20, 30, 179, 18, 181, 198, 106, 19, 119, 4, 115, 168, 97, 69, 101, 46, 176, 32, 182, 16, 58, 65, 7, 71, 166, 33, 184, 28, 117, 128, 148, 195, 57, 164, 40, 165, 109, 173, 186, 172, 87, 26, 52, 78, 39, 76, 63, 114, 110, 196, 143, 34, 100, 60, 98, 171, 102, 61, 37, 8, 79, 13, 123, 35, 27, 55, 187, 191, 140, 152, 68, 84, 74, 193, 0, 139, 169, 10, 132, 73, 29, 113, 82, 138, 21, 177, 116, 163, 80, 83, 62, 66, 48, 129, 54, 167, 199, 194, 156, 120]
init_num: 104 spread_num: 153 S:[9, 99, 49, 20, 30, 179, 18, 181, 198, 106, 19, 119, 4, 115, 168, 97, 69, 101, 46, 176, 32, 182, 16, 58, 65, 7, 71, 166, 33, 184, 28, 117, 128, 148, 195, 57, 164, 40, 165, 109, 173, 186, 172, 87, 26, 52, 78, 39, 76, 63, 114, 110, 196, 143, 34, 100, 60, 98, 171, 102, 61, 37, 8, 79, 13, 123, 35, 27, 55, 187, 191, 140, 152, 68, 84, 74, 193, 0, 139, 169, 10, 132, 73, 29, 113, 82, 138, 21, 177, 116, 163, 80, 83, 62, 66, 48, 129, 54, 167, 199, 194, 156, 120, 158]
init_num: 105 spread_num: 153 S:[9, 99, 49, 20, 30, 179, 18, 181, 198, 106, 19, 119, 4, 115, 168, 97, 69, 101, 46, 176, 32, 182, 16, 58, 65, 7, 71, 166, 33, 184, 28, 117, 128, 148, 195, 57, 164, 40, 165, 109, 173, 186, 172, 87, 26, 52, 78, 39, 76, 63, 114, 110, 196, 143, 34, 100, 60, 98, 171, 102, 61, 37, 8, 79, 13, 123, 35, 27, 55, 187, 191, 140, 152, 68, 84, 74, 193, 0, 139, 169, 10, 132, 73, 29, 113, 82, 138, 21, 177, 116, 163, 80, 83, 62, 66, 48, 129, 54, 167, 199, 194, 156, 120, 158, 145]
init_num: 106 spread_num: 156 S:[9, 99, 49, 20, 30, 179, 18, 181, 198, 106, 19, 119, 4, 115, 168, 97, 69, 101, 46, 176, 32, 182, 16, 58, 65, 7, 71, 166, 33, 184, 28, 117, 128, 148, 195, 57, 164, 40, 165, 109, 173, 186, 172, 87, 26, 52, 78, 39, 76, 63, 114, 110, 196, 143, 34, 100, 60, 98, 171, 102, 61, 37, 8, 79, 13, 123, 35, 27, 55, 187, 191, 140, 152, 68, 84, 74, 193, 0, 139, 169, 10, 132, 73, 29, 113, 82, 138, 21, 177, 116, 163, 80, 83, 62, 66, 48, 129, 54, 167, 199, 194, 156, 120, 158, 145, 122]
init_num: 107 spread_num: 155 S:[9, 99, 49, 20, 30, 179, 18, 181, 198, 106, 19, 119, 4, 115, 168, 97, 69, 101, 46, 176, 32, 182, 16, 58, 65, 7, 71, 166, 33, 184, 28, 117, 128, 148, 195, 57, 164, 40, 165, 109, 173, 186, 172, 87, 26, 52, 78, 39, 76, 63, 114, 110, 196, 143, 34, 100, 60, 98, 171, 102, 61, 37, 8, 79, 13, 123, 35, 27, 55, 187, 191, 140, 152, 68, 84, 74, 193, 0, 139, 169, 10, 132, 73, 29, 113, 82, 138, 21, 177, 116, 163, 80, 83, 62, 66, 48, 129, 54, 167, 199, 194, 156, 120, 158, 145, 122, 133]
init_num: 108 spread_num: 157 S:[9, 99, 49, 20, 30, 179, 18, 181, 198, 106, 19, 119, 4, 115, 168, 97, 69, 101, 46, 176, 32, 182, 16, 58, 65, 7, 71, 166, 33, 184, 28, 117, 128, 148, 195, 57, 164, 40, 165, 109, 173, 186, 172, 87, 26, 52, 78, 39, 76, 63, 114, 110, 196, 143, 34, 100, 60, 98, 171, 102, 61, 37, 8, 79, 13, 123, 35, 27, 55, 187, 191, 140, 152, 68, 84, 74, 193, 0, 139, 169, 10, 132, 73, 29, 113, 82, 138, 21, 177, 116, 163, 80, 83, 62, 66, 48, 129, 54, 167, 199, 194, 156, 120, 158, 145, 122, 133, 91]
init_num: 109 spread_num: 155 S:[9, 99, 49, 20, 30, 179, 18, 181, 198, 106, 19, 119, 4, 115, 168, 97, 69, 101, 46, 176, 32, 182, 16, 58, 65, 7, 71, 166, 33, 184, 28, 117, 128, 148, 195, 57, 164, 40, 165, 109, 173, 186, 172, 87, 26, 52, 78, 39, 76, 63, 114, 110, 196, 143, 34, 100, 60, 98, 171, 102, 61, 37, 8, 79, 13, 123, 35, 27, 55, 187, 191, 140, 152, 68, 84, 74, 193, 0, 139, 169, 10, 132, 73, 29, 113, 82, 138, 21, 177, 116, 163, 80, 83, 62, 66, 48, 129, 54, 167, 199, 194, 156, 120, 158, 145, 122, 133, 91, 141]
init_num: 110 spread_num: 154 S:[9, 99, 49, 20, 30, 179, 18, 181, 198, 106, 19, 119, 4, 115, 168, 97, 69, 101, 46, 176, 32, 182, 16, 58, 65, 7, 71, 166, 33, 184, 28, 117, 128, 148, 195, 57, 164, 40, 165, 109, 173, 186, 172, 87, 26, 52, 78, 39, 76, 63, 114, 110, 196, 143, 34, 100, 60, 98, 171, 102, 61, 37, 8, 79, 13, 123, 35, 27, 55, 187, 191, 140, 152, 68, 84, 74, 193, 0, 139, 169, 10, 132, 73, 29, 113, 82, 138, 21, 177, 116, 163, 80, 83, 62, 66, 48, 129, 54, 167, 199, 194, 156, 120, 158, 145, 122, 133, 91, 141, 12]
init_num: 111 spread_num: 156 S:[9, 99, 49, 20, 30, 179, 18, 181, 198, 106, 19, 119, 4, 115, 168, 97, 69, 101, 46, 176, 32, 182, 16, 58, 65, 7, 71, 166, 33, 184, 28, 117, 128, 148, 195, 57, 164, 40, 165, 109, 173, 186, 172, 87, 26, 52, 78, 39, 76, 63, 114, 110, 196, 143, 34, 100, 60, 98, 171, 102, 61, 37, 8, 79, 13, 123, 35, 27, 55, 187, 191, 140, 152, 68, 84, 74, 193, 0, 139, 169, 10, 132, 73, 29, 113, 82, 138, 21, 177, 116, 163, 80, 83, 62, 66, 48, 129, 54, 167, 199, 194, 156, 120, 158, 145, 122, 133, 91, 141, 12, 178]
init_num: 112 spread_num: 157 S:[9, 99, 49, 20, 30, 179, 18, 181, 198, 106, 19, 119, 4, 115, 168, 97, 69, 101, 46, 176, 32, 182, 16, 58, 65, 7, 71, 166, 33, 184, 28, 117, 128, 148, 195, 57, 164, 40, 165, 109, 173, 186, 172, 87, 26, 52, 78, 39, 76, 63, 114, 110, 196, 143, 34, 100, 60, 98, 171, 102, 61, 37, 8, 79, 13, 123, 35, 27, 55, 187, 191, 140, 152, 68, 84, 74, 193, 0, 139, 169, 10, 132, 73, 29, 113, 82, 138, 21, 177, 116, 163, 80, 83, 62, 66, 48, 129, 54, 167, 199, 194, 156, 120, 158, 145, 122, 133, 91, 141, 12, 178, 127]
init_num: 113 spread_num: 161 S:[9, 99, 49, 20, 30, 179, 18, 181, 198, 106, 19, 119, 4, 115, 168, 97, 69, 101, 46, 176, 32, 182, 16, 58, 65, 7, 71, 166, 33, 184, 28, 117, 128, 148, 195, 57, 164, 40, 165, 109, 173, 186, 172, 87, 26, 52, 78, 39, 76, 63, 114, 110, 196, 143, 34, 100, 60, 98, 171, 102, 61, 37, 8, 79, 13, 123, 35, 27, 55, 187, 191, 140, 152, 68, 84, 74, 193, 0, 139, 169, 10, 132, 73, 29, 113, 82, 138, 21, 177, 116, 163, 80, 83, 62, 66, 48, 129, 54, 167, 199, 194, 156, 120, 158, 145, 122, 133, 91, 141, 12, 178, 127, 67]
init_num: 114 spread_num: 157 S:[9, 99, 49, 20, 30, 179, 18, 181, 198, 106, 19, 119, 4, 115, 168, 97, 69, 101, 46, 176, 32, 182, 16, 58, 65, 7, 71, 166, 33, 184, 28, 117, 128, 148, 195, 57, 164, 40, 165, 109, 173, 186, 172, 87, 26, 52, 78, 39, 76, 63, 114, 110, 196, 143, 34, 100, 60, 98, 171, 102, 61, 37, 8, 79, 13, 123, 35, 27, 55, 187, 191, 140, 152, 68, 84, 74, 193, 0, 139, 169, 10, 132, 73, 29, 113, 82, 138, 21, 177, 116, 163, 80, 83, 62, 66, 48, 129, 54, 167, 199, 194, 156, 120, 158, 145, 122, 133, 91, 141, 12, 178, 127, 67, 103]
init_num: 115 spread_num: 157 S:[9, 99, 49, 20, 30, 179, 18, 181, 198, 106, 19, 119, 4, 115, 168, 97, 69, 101, 46, 176, 32, 182, 16, 58, 65, 7, 71, 166, 33, 184, 28, 117, 128, 148, 195, 57, 164, 40, 165, 109, 173, 186, 172, 87, 26, 52, 78, 39, 76, 63, 114, 110, 196, 143, 34, 100, 60, 98, 171, 102, 61, 37, 8, 79, 13, 123, 35, 27, 55, 187, 191, 140, 152, 68, 84, 74, 193, 0, 139, 169, 10, 132, 73, 29, 113, 82, 138, 21, 177, 116, 163, 80, 83, 62, 66, 48, 129, 54, 167, 199, 194, 156, 120, 158, 145, 122, 133, 91, 141, 12, 178, 127, 67, 103, 200]
init_num: 116 spread_num: 159 S:[9, 99, 49, 20, 30, 179, 18, 181, 198, 106, 19, 119, 4, 115, 168, 97, 69, 101, 46, 176, 32, 182, 16, 58, 65, 7, 71, 166, 33, 184, 28, 117, 128, 148, 195, 57, 164, 40, 165, 109, 173, 186, 172, 87, 26, 52, 78, 39, 76, 63, 114, 110, 196, 143, 34, 100, 60, 98, 171, 102, 61, 37, 8, 79, 13, 123, 35, 27, 55, 187, 191, 140, 152, 68, 84, 74, 193, 0, 139, 169, 10, 132, 73, 29, 113, 82, 138, 21, 177, 116, 163, 80, 83, 62, 66, 48, 129, 54, 167, 199, 194, 156, 120, 158, 145, 122, 133, 91, 141, 12, 178, 127, 67, 103, 200, 111]
init_num: 117 spread_num: 162 S:[9, 99, 49, 20, 30, 179, 18, 181, 198, 106, 19, 119, 4, 115, 168, 97, 69, 101, 46, 176, 32, 182, 16, 58, 65, 7, 71, 166, 33, 184, 28, 117, 128, 148, 195, 57, 164, 40, 165, 109, 173, 186, 172, 87, 26, 52, 78, 39, 76, 63, 114, 110, 196, 143, 34, 100, 60, 98, 171, 102, 61, 37, 8, 79, 13, 123, 35, 27, 55, 187, 191, 140, 152, 68, 84, 74, 193, 0, 139, 169, 10, 132, 73, 29, 113, 82, 138, 21, 177, 116, 163, 80, 83, 62, 66, 48, 129, 54, 167, 199, 194, 156, 120, 158, 145, 122, 133, 91, 141, 12, 178, 127, 67, 103, 200, 111, 88]
init_num: 118 spread_num: 162 S:[9, 99, 49, 20, 30, 179, 18, 181, 198, 106, 19, 119, 4, 115, 168, 97, 69, 101, 46, 176, 32, 182, 16, 58, 65, 7, 71, 166, 33, 184, 28, 117, 128, 148, 195, 57, 164, 40, 165, 109, 173, 186, 172, 87, 26, 52, 78, 39, 76, 63, 114, 110, 196, 143, 34, 100, 60, 98, 171, 102, 61, 37, 8, 79, 13, 123, 35, 27, 55, 187, 191, 140, 152, 68, 84, 74, 193, 0, 139, 169, 10, 132, 73, 29, 113, 82, 138, 21, 177, 116, 163, 80, 83, 62, 66, 48, 129, 54, 167, 199, 194, 156, 120, 158, 145, 122, 133, 91, 141, 12, 178, 127, 67, 103, 200, 111, 88, 44]
init_num: 119 spread_num: 166 S:[9, 99, 49, 20, 30, 179, 18, 181, 198, 106, 19, 119, 4, 115, 168, 97, 69, 101, 46, 176, 32, 182, 16, 58, 65, 7, 71, 166, 33, 184, 28, 117, 128, 148, 195, 57, 164, 40, 165, 109, 173, 186, 172, 87, 26, 52, 78, 39, 76, 63, 114, 110, 196, 143, 34, 100, 60, 98, 171, 102, 61, 37, 8, 79, 13, 123, 35, 27, 55, 187, 191, 140, 152, 68, 84, 74, 193, 0, 139, 169, 10, 132, 73, 29, 113, 82, 138, 21, 177, 116, 163, 80, 83, 62, 66, 48, 129, 54, 167, 199, 194, 156, 120, 158, 145, 122, 133, 91, 141, 12, 178, 127, 67, 103, 200, 111, 88, 44, 86]
init_num: 120 spread_num: 161 S:[9, 99, 49, 20, 30, 179, 18, 181, 198, 106, 19, 119, 4, 115, 168, 97, 69, 101, 46, 176, 32, 182, 16, 58, 65, 7, 71, 166, 33, 184, 28, 117, 128, 148, 195, 57, 164, 40, 165, 109, 173, 186, 172, 87, 26, 52, 78, 39, 76, 63, 114, 110, 196, 143, 34, 100, 60, 98, 171, 102, 61, 37, 8, 79, 13, 123, 35, 27, 55, 187, 191, 140, 152, 68, 84, 74, 193, 0, 139, 169, 10, 132, 73, 29, 113, 82, 138, 21, 177, 116, 163, 80, 83, 62, 66, 48, 129, 54, 167, 199, 194, 156, 120, 158, 145, 122, 133, 91, 141, 12, 178, 127, 67, 103, 200, 111, 88, 44, 86, 96]
init_num: 121 spread_num: 161 S:[9, 99, 49, 20, 30, 179, 18, 181, 198, 106, 19, 119, 4, 115, 168, 97, 69, 101, 46, 176, 32, 182, 16, 58, 65, 7, 71, 166, 33, 184, 28, 117, 128, 148, 195, 57, 164, 40, 165, 109, 173, 186, 172, 87, 26, 52, 78, 39, 76, 63, 114, 110, 196, 143, 34, 100, 60, 98, 171, 102, 61, 37, 8, 79, 13, 123, 35, 27, 55, 187, 191, 140, 152, 68, 84, 74, 193, 0, 139, 169, 10, 132, 73, 29, 113, 82, 138, 21, 177, 116, 163, 80, 83, 62, 66, 48, 129, 54, 167, 199, 194, 156, 120, 158, 145, 122, 133, 91, 141, 12, 178, 127, 67, 103, 200, 111, 88, 44, 86, 96, 154]
init_num: 122 spread_num: 161 S:[9, 99, 49, 20, 30, 179, 18, 181, 198, 106, 19, 119, 4, 115, 168, 97, 69, 101, 46, 176, 32, 182, 16, 58, 65, 7, 71, 166, 33, 184, 28, 117, 128, 148, 195, 57, 164, 40, 165, 109, 173, 186, 172, 87, 26, 52, 78, 39, 76, 63, 114, 110, 196, 143, 34, 100, 60, 98, 171, 102, 61, 37, 8, 79, 13, 123, 35, 27, 55, 187, 191, 140, 152, 68, 84, 74, 193, 0, 139, 169, 10, 132, 73, 29, 113, 82, 138, 21, 177, 116, 163, 80, 83, 62, 66, 48, 129, 54, 167, 199, 194, 156, 120, 158, 145, 122, 133, 91, 141, 12, 178, 127, 67, 103, 200, 111, 88, 44, 86, 96, 154, 157]
init_num: 123 spread_num: 165 S:[9, 99, 49, 20, 30, 179, 18, 181, 198, 106, 19, 119, 4, 115, 168, 97, 69, 101, 46, 176, 32, 182, 16, 58, 65, 7, 71, 166, 33, 184, 28, 117, 128, 148, 195, 57, 164, 40, 165, 109, 173, 186, 172, 87, 26, 52, 78, 39, 76, 63, 114, 110, 196, 143, 34, 100, 60, 98, 171, 102, 61, 37, 8, 79, 13, 123, 35, 27, 55, 187, 191, 140, 152, 68, 84, 74, 193, 0, 139, 169, 10, 132, 73, 29, 113, 82, 138, 21, 177, 116, 163, 80, 83, 62, 66, 48, 129, 54, 167, 199, 194, 156, 120, 158, 145, 122, 133, 91, 141, 12, 178, 127, 67, 103, 200, 111, 88, 44, 86, 96, 154, 157, 6]
init_num: 124 spread_num: 166 S:[9, 99, 49, 20, 30, 179, 18, 181, 198, 106, 19, 119, 4, 115, 168, 97, 69, 101, 46, 176, 32, 182, 16, 58, 65, 7, 71, 166, 33, 184, 28, 117, 128, 148, 195, 57, 164, 40, 165, 109, 173, 186, 172, 87, 26, 52, 78, 39, 76, 63, 114, 110, 196, 143, 34, 100, 60, 98, 171, 102, 61, 37, 8, 79, 13, 123, 35, 27, 55, 187, 191, 140, 152, 68, 84, 74, 193, 0, 139, 169, 10, 132, 73, 29, 113, 82, 138, 21, 177, 116, 163, 80, 83, 62, 66, 48, 129, 54, 167, 199, 194, 156, 120, 158, 145, 122, 133, 91, 141, 12, 178, 127, 67, 103, 200, 111, 88, 44, 86, 96, 154, 157, 6, 77]
init_num: 125 spread_num: 166 S:[9, 99, 49, 20, 30, 179, 18, 181, 198, 106, 19, 119, 4, 115, 168, 97, 69, 101, 46, 176, 32, 182, 16, 58, 65, 7, 71, 166, 33, 184, 28, 117, 128, 148, 195, 57, 164, 40, 165, 109, 173, 186, 172, 87, 26, 52, 78, 39, 76, 63, 114, 110, 196, 143, 34, 100, 60, 98, 171, 102, 61, 37, 8, 79, 13, 123, 35, 27, 55, 187, 191, 140, 152, 68, 84, 74, 193, 0, 139, 169, 10, 132, 73, 29, 113, 82, 138, 21, 177, 116, 163, 80, 83, 62, 66, 48, 129, 54, 167, 199, 194, 156, 120, 158, 145, 122, 133, 91, 141, 12, 178, 127, 67, 103, 200, 111, 88, 44, 86, 96, 154, 157, 6, 77, 50]
init_num: 126 spread_num: 168 S:[9, 99, 49, 20, 30, 179, 18, 181, 198, 106, 19, 119, 4, 115, 168, 97, 69, 101, 46, 176, 32, 182, 16, 58, 65, 7, 71, 166, 33, 184, 28, 117, 128, 148, 195, 57, 164, 40, 165, 109, 173, 186, 172, 87, 26, 52, 78, 39, 76, 63, 114, 110, 196, 143, 34, 100, 60, 98, 171, 102, 61, 37, 8, 79, 13, 123, 35, 27, 55, 187, 191, 140, 152, 68, 84, 74, 193, 0, 139, 169, 10, 132, 73, 29, 113, 82, 138, 21, 177, 116, 163, 80, 83, 62, 66, 48, 129, 54, 167, 199, 194, 156, 120, 158, 145, 122, 133, 91, 141, 12, 178, 127, 67, 103, 200, 111, 88, 44, 86, 96, 154, 157, 6, 77, 50, 11]
init_num: 127 spread_num: 172 S:[9, 99, 49, 20, 30, 179, 18, 181, 198, 106, 19, 119, 4, 115, 168, 97, 69, 101, 46, 176, 32, 182, 16, 58, 65, 7, 71, 166, 33, 184, 28, 117, 128, 148, 195, 57, 164, 40, 165, 109, 173, 186, 172, 87, 26, 52, 78, 39, 76, 63, 114, 110, 196, 143, 34, 100, 60, 98, 171, 102, 61, 37, 8, 79, 13, 123, 35, 27, 55, 187, 191, 140, 152, 68, 84, 74, 193, 0, 139, 169, 10, 132, 73, 29, 113, 82, 138, 21, 177, 116, 163, 80, 83, 62, 66, 48, 129, 54, 167, 199, 194, 156, 120, 158, 145, 122, 133, 91, 141, 12, 178, 127, 67, 103, 200, 111, 88, 44, 86, 96, 154, 157, 6, 77, 50, 11, 142]
init_num: 128 spread_num: 170 S:[9, 99, 49, 20, 30, 179, 18, 181, 198, 106, 19, 119, 4, 115, 168, 97, 69, 101, 46, 176, 32, 182, 16, 58, 65, 7, 71, 166, 33, 184, 28, 117, 128, 148, 195, 57, 164, 40, 165, 109, 173, 186, 172, 87, 26, 52, 78, 39, 76, 63, 114, 110, 196, 143, 34, 100, 60, 98, 171, 102, 61, 37, 8, 79, 13, 123, 35, 27, 55, 187, 191, 140, 152, 68, 84, 74, 193, 0, 139, 169, 10, 132, 73, 29, 113, 82, 138, 21, 177, 116, 163, 80, 83, 62, 66, 48, 129, 54, 167, 199, 194, 156, 120, 158, 145, 122, 133, 91, 141, 12, 178, 127, 67, 103, 200, 111, 88, 44, 86, 96, 154, 157, 6, 77, 50, 11, 142, 85]
init_num: 129 spread_num: 167 S:[9, 99, 49, 20, 30, 179, 18, 181, 198, 106, 19, 119, 4, 115, 168, 97, 69, 101, 46, 176, 32, 182, 16, 58, 65, 7, 71, 166, 33, 184, 28, 117, 128, 148, 195, 57, 164, 40, 165, 109, 173, 186, 172, 87, 26, 52, 78, 39, 76, 63, 114, 110, 196, 143, 34, 100, 60, 98, 171, 102, 61, 37, 8, 79, 13, 123, 35, 27, 55, 187, 191, 140, 152, 68, 84, 74, 193, 0, 139, 169, 10, 132, 73, 29, 113, 82, 138, 21, 177, 116, 163, 80, 83, 62, 66, 48, 129, 54, 167, 199, 194, 156, 120, 158, 145, 122, 133, 91, 141, 12, 178, 127, 67, 103, 200, 111, 88, 44, 86, 96, 154, 157, 6, 77, 50, 11, 142, 85, 147]
init_num: 130 spread_num: 172 S:[9, 99, 49, 20, 30, 179, 18, 181, 198, 106, 19, 119, 4, 115, 168, 97, 69, 101, 46, 176, 32, 182, 16, 58, 65, 7, 71, 166, 33, 184, 28, 117, 128, 148, 195, 57, 164, 40, 165, 109, 173, 186, 172, 87, 26, 52, 78, 39, 76, 63, 114, 110, 196, 143, 34, 100, 60, 98, 171, 102, 61, 37, 8, 79, 13, 123, 35, 27, 55, 187, 191, 140, 152, 68, 84, 74, 193, 0, 139, 169, 10, 132, 73, 29, 113, 82, 138, 21, 177, 116, 163, 80, 83, 62, 66, 48, 129, 54, 167, 199, 194, 156, 120, 158, 145, 122, 133, 91, 141, 12, 178, 127, 67, 103, 200, 111, 88, 44, 86, 96, 154, 157, 6, 77, 50, 11, 142, 85, 147, 190]
init_num: 131 spread_num: 172 S:[9, 99, 49, 20, 30, 179, 18, 181, 198, 106, 19, 119, 4, 115, 168, 97, 69, 101, 46, 176, 32, 182, 16, 58, 65, 7, 71, 166, 33, 184, 28, 117, 128, 148, 195, 57, 164, 40, 165, 109, 173, 186, 172, 87, 26, 52, 78, 39, 76, 63, 114, 110, 196, 143, 34, 100, 60, 98, 171, 102, 61, 37, 8, 79, 13, 123, 35, 27, 55, 187, 191, 140, 152, 68, 84, 74, 193, 0, 139, 169, 10, 132, 73, 29, 113, 82, 138, 21, 177, 116, 163, 80, 83, 62, 66, 48, 129, 54, 167, 199, 194, 156, 120, 158, 145, 122, 133, 91, 141, 12, 178, 127, 67, 103, 200, 111, 88, 44, 86, 96, 154, 157, 6, 77, 50, 11, 142, 85, 147, 190, 36]
init_num: 132 spread_num: 171 S:[9, 99, 49, 20, 30, 179, 18, 181, 198, 106, 19, 119, 4, 115, 168, 97, 69, 101, 46, 176, 32, 182, 16, 58, 65, 7, 71, 166, 33, 184, 28, 117, 128, 148, 195, 57, 164, 40, 165, 109, 173, 186, 172, 87, 26, 52, 78, 39, 76, 63, 114, 110, 196, 143, 34, 100, 60, 98, 171, 102, 61, 37, 8, 79, 13, 123, 35, 27, 55, 187, 191, 140, 152, 68, 84, 74, 193, 0, 139, 169, 10, 132, 73, 29, 113, 82, 138, 21, 177, 116, 163, 80, 83, 62, 66, 48, 129, 54, 167, 199, 194, 156, 120, 158, 145, 122, 133, 91, 141, 12, 178, 127, 67, 103, 200, 111, 88, 44, 86, 96, 154, 157, 6, 77, 50, 11, 142, 85, 147, 190, 36, 23]
init_num: 133 spread_num: 172 S:[9, 99, 49, 20, 30, 179, 18, 181, 198, 106, 19, 119, 4, 115, 168, 97, 69, 101, 46, 176, 32, 182, 16, 58, 65, 7, 71, 166, 33, 184, 28, 117, 128, 148, 195, 57, 164, 40, 165, 109, 173, 186, 172, 87, 26, 52, 78, 39, 76, 63, 114, 110, 196, 143, 34, 100, 60, 98, 171, 102, 61, 37, 8, 79, 13, 123, 35, 27, 55, 187, 191, 140, 152, 68, 84, 74, 193, 0, 139, 169, 10, 132, 73, 29, 113, 82, 138, 21, 177, 116, 163, 80, 83, 62, 66, 48, 129, 54, 167, 199, 194, 156, 120, 158, 145, 122, 133, 91, 141, 12, 178, 127, 67, 103, 200, 111, 88, 44, 86, 96, 154, 157, 6, 77, 50, 11, 142, 85, 147, 190, 36, 23, 59]
init_num: 134 spread_num: 172 S:[9, 99, 49, 20, 30, 179, 18, 181, 198, 106, 19, 119, 4, 115, 168, 97, 69, 101, 46, 176, 32, 182, 16, 58, 65, 7, 71, 166, 33, 184, 28, 117, 128, 148, 195, 57, 164, 40, 165, 109, 173, 186, 172, 87, 26, 52, 78, 39, 76, 63, 114, 110, 196, 143, 34, 100, 60, 98, 171, 102, 61, 37, 8, 79, 13, 123, 35, 27, 55, 187, 191, 140, 152, 68, 84, 74, 193, 0, 139, 169, 10, 132, 73, 29, 113, 82, 138, 21, 177, 116, 163, 80, 83, 62, 66, 48, 129, 54, 167, 199, 194, 156, 120, 158, 145, 122, 133, 91, 141, 12, 178, 127, 67, 103, 200, 111, 88, 44, 86, 96, 154, 157, 6, 77, 50, 11, 142, 85, 147, 190, 36, 23, 59, 25]
init_num: 135 spread_num: 170 S:[9, 99, 49, 20, 30, 179, 18, 181, 198, 106, 19, 119, 4, 115, 168, 97, 69, 101, 46, 176, 32, 182, 16, 58, 65, 7, 71, 166, 33, 184, 28, 117, 128, 148, 195, 57, 164, 40, 165, 109, 173, 186, 172, 87, 26, 52, 78, 39, 76, 63, 114, 110, 196, 143, 34, 100, 60, 98, 171, 102, 61, 37, 8, 79, 13, 123, 35, 27, 55, 187, 191, 140, 152, 68, 84, 74, 193, 0, 139, 169, 10, 132, 73, 29, 113, 82, 138, 21, 177, 116, 163, 80, 83, 62, 66, 48, 129, 54, 167, 199, 194, 156, 120, 158, 145, 122, 133, 91, 141, 12, 178, 127, 67, 103, 200, 111, 88, 44, 86, 96, 154, 157, 6, 77, 50, 11, 142, 85, 147, 190, 36, 23, 59, 25, 124]
init_num: 136 spread_num: 172 S:[9, 99, 49, 20, 30, 179, 18, 181, 198, 106, 19, 119, 4, 115, 168, 97, 69, 101, 46, 176, 32, 182, 16, 58, 65, 7, 71, 166, 33, 184, 28, 117, 128, 148, 195, 57, 164, 40, 165, 109, 173, 186, 172, 87, 26, 52, 78, 39, 76, 63, 114, 110, 196, 143, 34, 100, 60, 98, 171, 102, 61, 37, 8, 79, 13, 123, 35, 27, 55, 187, 191, 140, 152, 68, 84, 74, 193, 0, 139, 169, 10, 132, 73, 29, 113, 82, 138, 21, 177, 116, 163, 80, 83, 62, 66, 48, 129, 54, 167, 199, 194, 156, 120, 158, 145, 122, 133, 91, 141, 12, 178, 127, 67, 103, 200, 111, 88, 44, 86, 96, 154, 157, 6, 77, 50, 11, 142, 85, 147, 190, 36, 23, 59, 25, 124, 5]
init_num: 137 spread_num: 175 S:[9, 99, 49, 20, 30, 179, 18, 181, 198, 106, 19, 119, 4, 115, 168, 97, 69, 101, 46, 176, 32, 182, 16, 58, 65, 7, 71, 166, 33, 184, 28, 117, 128, 148, 195, 57, 164, 40, 165, 109, 173, 186, 172, 87, 26, 52, 78, 39, 76, 63, 114, 110, 196, 143, 34, 100, 60, 98, 171, 102, 61, 37, 8, 79, 13, 123, 35, 27, 55, 187, 191, 140, 152, 68, 84, 74, 193, 0, 139, 169, 10, 132, 73, 29, 113, 82, 138, 21, 177, 116, 163, 80, 83, 62, 66, 48, 129, 54, 167, 199, 194, 156, 120, 158, 145, 122, 133, 91, 141, 12, 178, 127, 67, 103, 200, 111, 88, 44, 86, 96, 154, 157, 6, 77, 50, 11, 142, 85, 147, 190, 36, 23, 59, 25, 124, 5, 1]
init_num: 138 spread_num: 177 S:[9, 99, 49, 20, 30, 179, 18, 181, 198, 106, 19, 119, 4, 115, 168, 97, 69, 101, 46, 176, 32, 182, 16, 58, 65, 7, 71, 166, 33, 184, 28, 117, 128, 148, 195, 57, 164, 40, 165, 109, 173, 186, 172, 87, 26, 52, 78, 39, 76, 63, 114, 110, 196, 143, 34, 100, 60, 98, 171, 102, 61, 37, 8, 79, 13, 123, 35, 27, 55, 187, 191, 140, 152, 68, 84, 74, 193, 0, 139, 169, 10, 132, 73, 29, 113, 82, 138, 21, 177, 116, 163, 80, 83, 62, 66, 48, 129, 54, 167, 199, 194, 156, 120, 158, 145, 122, 133, 91, 141, 12, 178, 127, 67, 103, 200, 111, 88, 44, 86, 96, 154, 157, 6, 77, 50, 11, 142, 85, 147, 190, 36, 23, 59, 25, 124, 5, 1, 161]
init_num: 139 spread_num: 174 S:[9, 99, 49, 20, 30, 179, 18, 181, 198, 106, 19, 119, 4, 115, 168, 97, 69, 101, 46, 176, 32, 182, 16, 58, 65, 7, 71, 166, 33, 184, 28, 117, 128, 148, 195, 57, 164, 40, 165, 109, 173, 186, 172, 87, 26, 52, 78, 39, 76, 63, 114, 110, 196, 143, 34, 100, 60, 98, 171, 102, 61, 37, 8, 79, 13, 123, 35, 27, 55, 187, 191, 140, 152, 68, 84, 74, 193, 0, 139, 169, 10, 132, 73, 29, 113, 82, 138, 21, 177, 116, 163, 80, 83, 62, 66, 48, 129, 54, 167, 199, 194, 156, 120, 158, 145, 122, 133, 91, 141, 12, 178, 127, 67, 103, 200, 111, 88, 44, 86, 96, 154, 157, 6, 77, 50, 11, 142, 85, 147, 190, 36, 23, 59, 25, 124, 5, 1, 161, 130]
init_num: 140 spread_num: 176 S:[9, 99, 49, 20, 30, 179, 18, 181, 198, 106, 19, 119, 4, 115, 168, 97, 69, 101, 46, 176, 32, 182, 16, 58, 65, 7, 71, 166, 33, 184, 28, 117, 128, 148, 195, 57, 164, 40, 165, 109, 173, 186, 172, 87, 26, 52, 78, 39, 76, 63, 114, 110, 196, 143, 34, 100, 60, 98, 171, 102, 61, 37, 8, 79, 13, 123, 35, 27, 55, 187, 191, 140, 152, 68, 84, 74, 193, 0, 139, 169, 10, 132, 73, 29, 113, 82, 138, 21, 177, 116, 163, 80, 83, 62, 66, 48, 129, 54, 167, 199, 194, 156, 120, 158, 145, 122, 133, 91, 141, 12, 178, 127, 67, 103, 200, 111, 88, 44, 86, 96, 154, 157, 6, 77, 50, 11, 142, 85, 147, 190, 36, 23, 59, 25, 124, 5, 1, 161, 130, 131]
init_num: 141 spread_num: 177 S:[9, 99, 49, 20, 30, 179, 18, 181, 198, 106, 19, 119, 4, 115, 168, 97, 69, 101, 46, 176, 32, 182, 16, 58, 65, 7, 71, 166, 33, 184, 28, 117, 128, 148, 195, 57, 164, 40, 165, 109, 173, 186, 172, 87, 26, 52, 78, 39, 76, 63, 114, 110, 196, 143, 34, 100, 60, 98, 171, 102, 61, 37, 8, 79, 13, 123, 35, 27, 55, 187, 191, 140, 152, 68, 84, 74, 193, 0, 139, 169, 10, 132, 73, 29, 113, 82, 138, 21, 177, 116, 163, 80, 83, 62, 66, 48, 129, 54, 167, 199, 194, 156, 120, 158, 145, 122, 133, 91, 141, 12, 178, 127, 67, 103, 200, 111, 88, 44, 86, 96, 154, 157, 6, 77, 50, 11, 142, 85, 147, 190, 36, 23, 59, 25, 124, 5, 1, 161, 130, 131, 64]
init_num: 142 spread_num: 176 S:[9, 99, 49, 20, 30, 179, 18, 181, 198, 106, 19, 119, 4, 115, 168, 97, 69, 101, 46, 176, 32, 182, 16, 58, 65, 7, 71, 166, 33, 184, 28, 117, 128, 148, 195, 57, 164, 40, 165, 109, 173, 186, 172, 87, 26, 52, 78, 39, 76, 63, 114, 110, 196, 143, 34, 100, 60, 98, 171, 102, 61, 37, 8, 79, 13, 123, 35, 27, 55, 187, 191, 140, 152, 68, 84, 74, 193, 0, 139, 169, 10, 132, 73, 29, 113, 82, 138, 21, 177, 116, 163, 80, 83, 62, 66, 48, 129, 54, 167, 199, 194, 156, 120, 158, 145, 122, 133, 91, 141, 12, 178, 127, 67, 103, 200, 111, 88, 44, 86, 96, 154, 157, 6, 77, 50, 11, 142, 85, 147, 190, 36, 23, 59, 25, 124, 5, 1, 161, 130, 131, 64, 162]
init_num: 143 spread_num: 178 S:[9, 99, 49, 20, 30, 179, 18, 181, 198, 106, 19, 119, 4, 115, 168, 97, 69, 101, 46, 176, 32, 182, 16, 58, 65, 7, 71, 166, 33, 184, 28, 117, 128, 148, 195, 57, 164, 40, 165, 109, 173, 186, 172, 87, 26, 52, 78, 39, 76, 63, 114, 110, 196, 143, 34, 100, 60, 98, 171, 102, 61, 37, 8, 79, 13, 123, 35, 27, 55, 187, 191, 140, 152, 68, 84, 74, 193, 0, 139, 169, 10, 132, 73, 29, 113, 82, 138, 21, 177, 116, 163, 80, 83, 62, 66, 48, 129, 54, 167, 199, 194, 156, 120, 158, 145, 122, 133, 91, 141, 12, 178, 127, 67, 103, 200, 111, 88, 44, 86, 96, 154, 157, 6, 77, 50, 11, 142, 85, 147, 190, 36, 23, 59, 25, 124, 5, 1, 161, 130, 131, 64, 162, 47]
init_num: 144 spread_num: 179 S:[9, 99, 49, 20, 30, 179, 18, 181, 198, 106, 19, 119, 4, 115, 168, 97, 69, 101, 46, 176, 32, 182, 16, 58, 65, 7, 71, 166, 33, 184, 28, 117, 128, 148, 195, 57, 164, 40, 165, 109, 173, 186, 172, 87, 26, 52, 78, 39, 76, 63, 114, 110, 196, 143, 34, 100, 60, 98, 171, 102, 61, 37, 8, 79, 13, 123, 35, 27, 55, 187, 191, 140, 152, 68, 84, 74, 193, 0, 139, 169, 10, 132, 73, 29, 113, 82, 138, 21, 177, 116, 163, 80, 83, 62, 66, 48, 129, 54, 167, 199, 194, 156, 120, 158, 145, 122, 133, 91, 141, 12, 178, 127, 67, 103, 200, 111, 88, 44, 86, 96, 154, 157, 6, 77, 50, 11, 142, 85, 147, 190, 36, 23, 59, 25, 124, 5, 1, 161, 130, 131, 64, 162, 47, 180]
init_num: 145 spread_num: 179 S:[9, 99, 49, 20, 30, 179, 18, 181, 198, 106, 19, 119, 4, 115, 168, 97, 69, 101, 46, 176, 32, 182, 16, 58, 65, 7, 71, 166, 33, 184, 28, 117, 128, 148, 195, 57, 164, 40, 165, 109, 173, 186, 172, 87, 26, 52, 78, 39, 76, 63, 114, 110, 196, 143, 34, 100, 60, 98, 171, 102, 61, 37, 8, 79, 13, 123, 35, 27, 55, 187, 191, 140, 152, 68, 84, 74, 193, 0, 139, 169, 10, 132, 73, 29, 113, 82, 138, 21, 177, 116, 163, 80, 83, 62, 66, 48, 129, 54, 167, 199, 194, 156, 120, 158, 145, 122, 133, 91, 141, 12, 178, 127, 67, 103, 200, 111, 88, 44, 86, 96, 154, 157, 6, 77, 50, 11, 142, 85, 147, 190, 36, 23, 59, 25, 124, 5, 1, 161, 130, 131, 64, 162, 47, 180, 144]
init_num: 146 spread_num: 178 S:[9, 99, 49, 20, 30, 179, 18, 181, 198, 106, 19, 119, 4, 115, 168, 97, 69, 101, 46, 176, 32, 182, 16, 58, 65, 7, 71, 166, 33, 184, 28, 117, 128, 148, 195, 57, 164, 40, 165, 109, 173, 186, 172, 87, 26, 52, 78, 39, 76, 63, 114, 110, 196, 143, 34, 100, 60, 98, 171, 102, 61, 37, 8, 79, 13, 123, 35, 27, 55, 187, 191, 140, 152, 68, 84, 74, 193, 0, 139, 169, 10, 132, 73, 29, 113, 82, 138, 21, 177, 116, 163, 80, 83, 62, 66, 48, 129, 54, 167, 199, 194, 156, 120, 158, 145, 122, 133, 91, 141, 12, 178, 127, 67, 103, 200, 111, 88, 44, 86, 96, 154, 157, 6, 77, 50, 11, 142, 85, 147, 190, 36, 23, 59, 25, 124, 5, 1, 161, 130, 131, 64, 162, 47, 180, 144, 15]
init_num: 147 spread_num: 179 S:[9, 99, 49, 20, 30, 179, 18, 181, 198, 106, 19, 119, 4, 115, 168, 97, 69, 101, 46, 176, 32, 182, 16, 58, 65, 7, 71, 166, 33, 184, 28, 117, 128, 148, 195, 57, 164, 40, 165, 109, 173, 186, 172, 87, 26, 52, 78, 39, 76, 63, 114, 110, 196, 143, 34, 100, 60, 98, 171, 102, 61, 37, 8, 79, 13, 123, 35, 27, 55, 187, 191, 140, 152, 68, 84, 74, 193, 0, 139, 169, 10, 132, 73, 29, 113, 82, 138, 21, 177, 116, 163, 80, 83, 62, 66, 48, 129, 54, 167, 199, 194, 156, 120, 158, 145, 122, 133, 91, 141, 12, 178, 127, 67, 103, 200, 111, 88, 44, 86, 96, 154, 157, 6, 77, 50, 11, 142, 85, 147, 190, 36, 23, 59, 25, 124, 5, 1, 161, 130, 131, 64, 162, 47, 180, 144, 15, 92]
init_num: 148 spread_num: 179 S:[9, 99, 49, 20, 30, 179, 18, 181, 198, 106, 19, 119, 4, 115, 168, 97, 69, 101, 46, 176, 32, 182, 16, 58, 65, 7, 71, 166, 33, 184, 28, 117, 128, 148, 195, 57, 164, 40, 165, 109, 173, 186, 172, 87, 26, 52, 78, 39, 76, 63, 114, 110, 196, 143, 34, 100, 60, 98, 171, 102, 61, 37, 8, 79, 13, 123, 35, 27, 55, 187, 191, 140, 152, 68, 84, 74, 193, 0, 139, 169, 10, 132, 73, 29, 113, 82, 138, 21, 177, 116, 163, 80, 83, 62, 66, 48, 129, 54, 167, 199, 194, 156, 120, 158, 145, 122, 133, 91, 141, 12, 178, 127, 67, 103, 200, 111, 88, 44, 86, 96, 154, 157, 6, 77, 50, 11, 142, 85, 147, 190, 36, 23, 59, 25, 124, 5, 1, 161, 130, 131, 64, 162, 47, 180, 144, 15, 92, 174]
init_num: 149 spread_num: 180 S:[9, 99, 49, 20, 30, 179, 18, 181, 198, 106, 19, 119, 4, 115, 168, 97, 69, 101, 46, 176, 32, 182, 16, 58, 65, 7, 71, 166, 33, 184, 28, 117, 128, 148, 195, 57, 164, 40, 165, 109, 173, 186, 172, 87, 26, 52, 78, 39, 76, 63, 114, 110, 196, 143, 34, 100, 60, 98, 171, 102, 61, 37, 8, 79, 13, 123, 35, 27, 55, 187, 191, 140, 152, 68, 84, 74, 193, 0, 139, 169, 10, 132, 73, 29, 113, 82, 138, 21, 177, 116, 163, 80, 83, 62, 66, 48, 129, 54, 167, 199, 194, 156, 120, 158, 145, 122, 133, 91, 141, 12, 178, 127, 67, 103, 200, 111, 88, 44, 86, 96, 154, 157, 6, 77, 50, 11, 142, 85, 147, 190, 36, 23, 59, 25, 124, 5, 1, 161, 130, 131, 64, 162, 47, 180, 144, 15, 92, 174, 192]
init_num: 150 spread_num: 180 S:[9, 99, 49, 20, 30, 179, 18, 181, 198, 106, 19, 119, 4, 115, 168, 97, 69, 101, 46, 176, 32, 182, 16, 58, 65, 7, 71, 166, 33, 184, 28, 117, 128, 148, 195, 57, 164, 40, 165, 109, 173, 186, 172, 87, 26, 52, 78, 39, 76, 63, 114, 110, 196, 143, 34, 100, 60, 98, 171, 102, 61, 37, 8, 79, 13, 123, 35, 27, 55, 187, 191, 140, 152, 68, 84, 74, 193, 0, 139, 169, 10, 132, 73, 29, 113, 82, 138, 21, 177, 116, 163, 80, 83, 62, 66, 48, 129, 54, 167, 199, 194, 156, 120, 158, 145, 122, 133, 91, 141, 12, 178, 127, 67, 103, 200, 111, 88, 44, 86, 96, 154, 157, 6, 77, 50, 11, 142, 85, 147, 190, 36, 23, 59, 25, 124, 5, 1, 161, 130, 131, 64, 162, 47, 180, 144, 15, 92, 174, 192, 160]
init_num: 151 spread_num: 181 S:[9, 99, 49, 20, 30, 179, 18, 181, 198, 106, 19, 119, 4, 115, 168, 97, 69, 101, 46, 176, 32, 182, 16, 58, 65, 7, 71, 166, 33, 184, 28, 117, 128, 148, 195, 57, 164, 40, 165, 109, 173, 186, 172, 87, 26, 52, 78, 39, 76, 63, 114, 110, 196, 143, 34, 100, 60, 98, 171, 102, 61, 37, 8, 79, 13, 123, 35, 27, 55, 187, 191, 140, 152, 68, 84, 74, 193, 0, 139, 169, 10, 132, 73, 29, 113, 82, 138, 21, 177, 116, 163, 80, 83, 62, 66, 48, 129, 54, 167, 199, 194, 156, 120, 158, 145, 122, 133, 91, 141, 12, 178, 127, 67, 103, 200, 111, 88, 44, 86, 96, 154, 157, 6, 77, 50, 11, 142, 85, 147, 190, 36, 23, 59, 25, 124, 5, 1, 161, 130, 131, 64, 162, 47, 180, 144, 15, 92, 174, 192, 160, 159]
init_num: 152 spread_num: 179 S:[9, 99, 49, 20, 30, 179, 18, 181, 198, 106, 19, 119, 4, 115, 168, 97, 69, 101, 46, 176, 32, 182, 16, 58, 65, 7, 71, 166, 33, 184, 28, 117, 128, 148, 195, 57, 164, 40, 165, 109, 173, 186, 172, 87, 26, 52, 78, 39, 76, 63, 114, 110, 196, 143, 34, 100, 60, 98, 171, 102, 61, 37, 8, 79, 13, 123, 35, 27, 55, 187, 191, 140, 152, 68, 84, 74, 193, 0, 139, 169, 10, 132, 73, 29, 113, 82, 138, 21, 177, 116, 163, 80, 83, 62, 66, 48, 129, 54, 167, 199, 194, 156, 120, 158, 145, 122, 133, 91, 141, 12, 178, 127, 67, 103, 200, 111, 88, 44, 86, 96, 154, 157, 6, 77, 50, 11, 142, 85, 147, 190, 36, 23, 59, 25, 124, 5, 1, 161, 130, 131, 64, 162, 47, 180, 144, 15, 92, 174, 192, 160, 159, 125]
init_num: 153 spread_num: 182 S:[9, 99, 49, 20, 30, 179, 18, 181, 198, 106, 19, 119, 4, 115, 168, 97, 69, 101, 46, 176, 32, 182, 16, 58, 65, 7, 71, 166, 33, 184, 28, 117, 128, 148, 195, 57, 164, 40, 165, 109, 173, 186, 172, 87, 26, 52, 78, 39, 76, 63, 114, 110, 196, 143, 34, 100, 60, 98, 171, 102, 61, 37, 8, 79, 13, 123, 35, 27, 55, 187, 191, 140, 152, 68, 84, 74, 193, 0, 139, 169, 10, 132, 73, 29, 113, 82, 138, 21, 177, 116, 163, 80, 83, 62, 66, 48, 129, 54, 167, 199, 194, 156, 120, 158, 145, 122, 133, 91, 141, 12, 178, 127, 67, 103, 200, 111, 88, 44, 86, 96, 154, 157, 6, 77, 50, 11, 142, 85, 147, 190, 36, 23, 59, 25, 124, 5, 1, 161, 130, 131, 64, 162, 47, 180, 144, 15, 92, 174, 192, 160, 159, 125, 153]
init_num: 154 spread_num: 180 S:[9, 99, 49, 20, 30, 179, 18, 181, 198, 106, 19, 119, 4, 115, 168, 97, 69, 101, 46, 176, 32, 182, 16, 58, 65, 7, 71, 166, 33, 184, 28, 117, 128, 148, 195, 57, 164, 40, 165, 109, 173, 186, 172, 87, 26, 52, 78, 39, 76, 63, 114, 110, 196, 143, 34, 100, 60, 98, 171, 102, 61, 37, 8, 79, 13, 123, 35, 27, 55, 187, 191, 140, 152, 68, 84, 74, 193, 0, 139, 169, 10, 132, 73, 29, 113, 82, 138, 21, 177, 116, 163, 80, 83, 62, 66, 48, 129, 54, 167, 199, 194, 156, 120, 158, 145, 122, 133, 91, 141, 12, 178, 127, 67, 103, 200, 111, 88, 44, 86, 96, 154, 157, 6, 77, 50, 11, 142, 85, 147, 190, 36, 23, 59, 25, 124, 5, 1, 161, 130, 131, 64, 162, 47, 180, 144, 15, 92, 174, 192, 160, 159, 125, 153, 197]
init_num: 155 spread_num: 180 S:[9, 99, 49, 20, 30, 179, 18, 181, 198, 106, 19, 119, 4, 115, 168, 97, 69, 101, 46, 176, 32, 182, 16, 58, 65, 7, 71, 166, 33, 184, 28, 117, 128, 148, 195, 57, 164, 40, 165, 109, 173, 186, 172, 87, 26, 52, 78, 39, 76, 63, 114, 110, 196, 143, 34, 100, 60, 98, 171, 102, 61, 37, 8, 79, 13, 123, 35, 27, 55, 187, 191, 140, 152, 68, 84, 74, 193, 0, 139, 169, 10, 132, 73, 29, 113, 82, 138, 21, 177, 116, 163, 80, 83, 62, 66, 48, 129, 54, 167, 199, 194, 156, 120, 158, 145, 122, 133, 91, 141, 12, 178, 127, 67, 103, 200, 111, 88, 44, 86, 96, 154, 157, 6, 77, 50, 11, 142, 85, 147, 190, 36, 23, 59, 25, 124, 5, 1, 161, 130, 131, 64, 162, 47, 180, 144, 15, 92, 174, 192, 160, 159, 125, 153, 197, 2]
init_num: 156 spread_num: 181 S:[9, 99, 49, 20, 30, 179, 18, 181, 198, 106, 19, 119, 4, 115, 168, 97, 69, 101, 46, 176, 32, 182, 16, 58, 65, 7, 71, 166, 33, 184, 28, 117, 128, 148, 195, 57, 164, 40, 165, 109, 173, 186, 172, 87, 26, 52, 78, 39, 76, 63, 114, 110, 196, 143, 34, 100, 60, 98, 171, 102, 61, 37, 8, 79, 13, 123, 35, 27, 55, 187, 191, 140, 152, 68, 84, 74, 193, 0, 139, 169, 10, 132, 73, 29, 113, 82, 138, 21, 177, 116, 163, 80, 83, 62, 66, 48, 129, 54, 167, 199, 194, 156, 120, 158, 145, 122, 133, 91, 141, 12, 178, 127, 67, 103, 200, 111, 88, 44, 86, 96, 154, 157, 6, 77, 50, 11, 142, 85, 147, 190, 36, 23, 59, 25, 124, 5, 1, 161, 130, 131, 64, 162, 47, 180, 144, 15, 92, 174, 192, 160, 159, 125, 153, 197, 2, 188]
init_num: 157 spread_num: 182 S:[9, 99, 49, 20, 30, 179, 18, 181, 198, 106, 19, 119, 4, 115, 168, 97, 69, 101, 46, 176, 32, 182, 16, 58, 65, 7, 71, 166, 33, 184, 28, 117, 128, 148, 195, 57, 164, 40, 165, 109, 173, 186, 172, 87, 26, 52, 78, 39, 76, 63, 114, 110, 196, 143, 34, 100, 60, 98, 171, 102, 61, 37, 8, 79, 13, 123, 35, 27, 55, 187, 191, 140, 152, 68, 84, 74, 193, 0, 139, 169, 10, 132, 73, 29, 113, 82, 138, 21, 177, 116, 163, 80, 83, 62, 66, 48, 129, 54, 167, 199, 194, 156, 120, 158, 145, 122, 133, 91, 141, 12, 178, 127, 67, 103, 200, 111, 88, 44, 86, 96, 154, 157, 6, 77, 50, 11, 142, 85, 147, 190, 36, 23, 59, 25, 124, 5, 1, 161, 130, 131, 64, 162, 47, 180, 144, 15, 92, 174, 192, 160, 159, 125, 153, 197, 2, 188, 112]
init_num: 158 spread_num: 185 S:[9, 99, 49, 20, 30, 179, 18, 181, 198, 106, 19, 119, 4, 115, 168, 97, 69, 101, 46, 176, 32, 182, 16, 58, 65, 7, 71, 166, 33, 184, 28, 117, 128, 148, 195, 57, 164, 40, 165, 109, 173, 186, 172, 87, 26, 52, 78, 39, 76, 63, 114, 110, 196, 143, 34, 100, 60, 98, 171, 102, 61, 37, 8, 79, 13, 123, 35, 27, 55, 187, 191, 140, 152, 68, 84, 74, 193, 0, 139, 169, 10, 132, 73, 29, 113, 82, 138, 21, 177, 116, 163, 80, 83, 62, 66, 48, 129, 54, 167, 199, 194, 156, 120, 158, 145, 122, 133, 91, 141, 12, 178, 127, 67, 103, 200, 111, 88, 44, 86, 96, 154, 157, 6, 77, 50, 11, 142, 85, 147, 190, 36, 23, 59, 25, 124, 5, 1, 161, 130, 131, 64, 162, 47, 180, 144, 15, 92, 174, 192, 160, 159, 125, 153, 197, 2, 188, 112, 42]
init_num: 159 spread_num: 186 S:[9, 99, 49, 20, 30, 179, 18, 181, 198, 106, 19, 119, 4, 115, 168, 97, 69, 101, 46, 176, 32, 182, 16, 58, 65, 7, 71, 166, 33, 184, 28, 117, 128, 148, 195, 57, 164, 40, 165, 109, 173, 186, 172, 87, 26, 52, 78, 39, 76, 63, 114, 110, 196, 143, 34, 100, 60, 98, 171, 102, 61, 37, 8, 79, 13, 123, 35, 27, 55, 187, 191, 140, 152, 68, 84, 74, 193, 0, 139, 169, 10, 132, 73, 29, 113, 82, 138, 21, 177, 116, 163, 80, 83, 62, 66, 48, 129, 54, 167, 199, 194, 156, 120, 158, 145, 122, 133, 91, 141, 12, 178, 127, 67, 103, 200, 111, 88, 44, 86, 96, 154, 157, 6, 77, 50, 11, 142, 85, 147, 190, 36, 23, 59, 25, 124, 5, 1, 161, 130, 131, 64, 162, 47, 180, 144, 15, 92, 174, 192, 160, 159, 125, 153, 197, 2, 188, 112, 42, 56]
init_num: 160 spread_num: 185 S:[9, 99, 49, 20, 30, 179, 18, 181, 198, 106, 19, 119, 4, 115, 168, 97, 69, 101, 46, 176, 32, 182, 16, 58, 65, 7, 71, 166, 33, 184, 28, 117, 128, 148, 195, 57, 164, 40, 165, 109, 173, 186, 172, 87, 26, 52, 78, 39, 76, 63, 114, 110, 196, 143, 34, 100, 60, 98, 171, 102, 61, 37, 8, 79, 13, 123, 35, 27, 55, 187, 191, 140, 152, 68, 84, 74, 193, 0, 139, 169, 10, 132, 73, 29, 113, 82, 138, 21, 177, 116, 163, 80, 83, 62, 66, 48, 129, 54, 167, 199, 194, 156, 120, 158, 145, 122, 133, 91, 141, 12, 178, 127, 67, 103, 200, 111, 88, 44, 86, 96, 154, 157, 6, 77, 50, 11, 142, 85, 147, 190, 36, 23, 59, 25, 124, 5, 1, 161, 130, 131, 64, 162, 47, 180, 144, 15, 92, 174, 192, 160, 159, 125, 153, 197, 2, 188, 112, 42, 56, 53]
init_num: 161 spread_num: 186 S:[9, 99, 49, 20, 30, 179, 18, 181, 198, 106, 19, 119, 4, 115, 168, 97, 69, 101, 46, 176, 32, 182, 16, 58, 65, 7, 71, 166, 33, 184, 28, 117, 128, 148, 195, 57, 164, 40, 165, 109, 173, 186, 172, 87, 26, 52, 78, 39, 76, 63, 114, 110, 196, 143, 34, 100, 60, 98, 171, 102, 61, 37, 8, 79, 13, 123, 35, 27, 55, 187, 191, 140, 152, 68, 84, 74, 193, 0, 139, 169, 10, 132, 73, 29, 113, 82, 138, 21, 177, 116, 163, 80, 83, 62, 66, 48, 129, 54, 167, 199, 194, 156, 120, 158, 145, 122, 133, 91, 141, 12, 178, 127, 67, 103, 200, 111, 88, 44, 86, 96, 154, 157, 6, 77, 50, 11, 142, 85, 147, 190, 36, 23, 59, 25, 124, 5, 1, 161, 130, 131, 64, 162, 47, 180, 144, 15, 92, 174, 192, 160, 159, 125, 153, 197, 2, 188, 112, 42, 56, 53, 134]
init_num: 162 spread_num: 187 S:[9, 99, 49, 20, 30, 179, 18, 181, 198, 106, 19, 119, 4, 115, 168, 97, 69, 101, 46, 176, 32, 182, 16, 58, 65, 7, 71, 166, 33, 184, 28, 117, 128, 148, 195, 57, 164, 40, 165, 109, 173, 186, 172, 87, 26, 52, 78, 39, 76, 63, 114, 110, 196, 143, 34, 100, 60, 98, 171, 102, 61, 37, 8, 79, 13, 123, 35, 27, 55, 187, 191, 140, 152, 68, 84, 74, 193, 0, 139, 169, 10, 132, 73, 29, 113, 82, 138, 21, 177, 116, 163, 80, 83, 62, 66, 48, 129, 54, 167, 199, 194, 156, 120, 158, 145, 122, 133, 91, 141, 12, 178, 127, 67, 103, 200, 111, 88, 44, 86, 96, 154, 157, 6, 77, 50, 11, 142, 85, 147, 190, 36, 23, 59, 25, 124, 5, 1, 161, 130, 131, 64, 162, 47, 180, 144, 15, 92, 174, 192, 160, 159, 125, 153, 197, 2, 188, 112, 42, 56, 53, 134, 104]
init_num: 163 spread_num: 189 S:[9, 99, 49, 20, 30, 179, 18, 181, 198, 106, 19, 119, 4, 115, 168, 97, 69, 101, 46, 176, 32, 182, 16, 58, 65, 7, 71, 166, 33, 184, 28, 117, 128, 148, 195, 57, 164, 40, 165, 109, 173, 186, 172, 87, 26, 52, 78, 39, 76, 63, 114, 110, 196, 143, 34, 100, 60, 98, 171, 102, 61, 37, 8, 79, 13, 123, 35, 27, 55, 187, 191, 140, 152, 68, 84, 74, 193, 0, 139, 169, 10, 132, 73, 29, 113, 82, 138, 21, 177, 116, 163, 80, 83, 62, 66, 48, 129, 54, 167, 199, 194, 156, 120, 158, 145, 122, 133, 91, 141, 12, 178, 127, 67, 103, 200, 111, 88, 44, 86, 96, 154, 157, 6, 77, 50, 11, 142, 85, 147, 190, 36, 23, 59, 25, 124, 5, 1, 161, 130, 131, 64, 162, 47, 180, 144, 15, 92, 174, 192, 160, 159, 125, 153, 197, 2, 188, 112, 42, 56, 53, 134, 104, 3]
init_num: 164 spread_num: 189 S:[9, 99, 49, 20, 30, 179, 18, 181, 198, 106, 19, 119, 4, 115, 168, 97, 69, 101, 46, 176, 32, 182, 16, 58, 65, 7, 71, 166, 33, 184, 28, 117, 128, 148, 195, 57, 164, 40, 165, 109, 173, 186, 172, 87, 26, 52, 78, 39, 76, 63, 114, 110, 196, 143, 34, 100, 60, 98, 171, 102, 61, 37, 8, 79, 13, 123, 35, 27, 55, 187, 191, 140, 152, 68, 84, 74, 193, 0, 139, 169, 10, 132, 73, 29, 113, 82, 138, 21, 177, 116, 163, 80, 83, 62, 66, 48, 129, 54, 167, 199, 194, 156, 120, 158, 145, 122, 133, 91, 141, 12, 178, 127, 67, 103, 200, 111, 88, 44, 86, 96, 154, 157, 6, 77, 50, 11, 142, 85, 147, 190, 36, 23, 59, 25, 124, 5, 1, 161, 130, 131, 64, 162, 47, 180, 144, 15, 92, 174, 192, 160, 159, 125, 153, 197, 2, 188, 112, 42, 56, 53, 134, 104, 3, 93]
init_num: 165 spread_num: 190 S:[9, 99, 49, 20, 30, 179, 18, 181, 198, 106, 19, 119, 4, 115, 168, 97, 69, 101, 46, 176, 32, 182, 16, 58, 65, 7, 71, 166, 33, 184, 28, 117, 128, 148, 195, 57, 164, 40, 165, 109, 173, 186, 172, 87, 26, 52, 78, 39, 76, 63, 114, 110, 196, 143, 34, 100, 60, 98, 171, 102, 61, 37, 8, 79, 13, 123, 35, 27, 55, 187, 191, 140, 152, 68, 84, 74, 193, 0, 139, 169, 10, 132, 73, 29, 113, 82, 138, 21, 177, 116, 163, 80, 83, 62, 66, 48, 129, 54, 167, 199, 194, 156, 120, 158, 145, 122, 133, 91, 141, 12, 178, 127, 67, 103, 200, 111, 88, 44, 86, 96, 154, 157, 6, 77, 50, 11, 142, 85, 147, 190, 36, 23, 59, 25, 124, 5, 1, 161, 130, 131, 64, 162, 47, 180, 144, 15, 92, 174, 192, 160, 159, 125, 153, 197, 2, 188, 112, 42, 56, 53, 134, 104, 3, 93, 185]
init_num: 166 spread_num: 187 S:[9, 99, 49, 20, 30, 179, 18, 181, 198, 106, 19, 119, 4, 115, 168, 97, 69, 101, 46, 176, 32, 182, 16, 58, 65, 7, 71, 166, 33, 184, 28, 117, 128, 148, 195, 57, 164, 40, 165, 109, 173, 186, 172, 87, 26, 52, 78, 39, 76, 63, 114, 110, 196, 143, 34, 100, 60, 98, 171, 102, 61, 37, 8, 79, 13, 123, 35, 27, 55, 187, 191, 140, 152, 68, 84, 74, 193, 0, 139, 169, 10, 132, 73, 29, 113, 82, 138, 21, 177, 116, 163, 80, 83, 62, 66, 48, 129, 54, 167, 199, 194, 156, 120, 158, 145, 122, 133, 91, 141, 12, 178, 127, 67, 103, 200, 111, 88, 44, 86, 96, 154, 157, 6, 77, 50, 11, 142, 85, 147, 190, 36, 23, 59, 25, 124, 5, 1, 161, 130, 131, 64, 162, 47, 180, 144, 15, 92, 174, 192, 160, 159, 125, 153, 197, 2, 188, 112, 42, 56, 53, 134, 104, 3, 93, 185, 151]
init_num: 167 spread_num: 188 S:[9, 99, 49, 20, 30, 179, 18, 181, 198, 106, 19, 119, 4, 115, 168, 97, 69, 101, 46, 176, 32, 182, 16, 58, 65, 7, 71, 166, 33, 184, 28, 117, 128, 148, 195, 57, 164, 40, 165, 109, 173, 186, 172, 87, 26, 52, 78, 39, 76, 63, 114, 110, 196, 143, 34, 100, 60, 98, 171, 102, 61, 37, 8, 79, 13, 123, 35, 27, 55, 187, 191, 140, 152, 68, 84, 74, 193, 0, 139, 169, 10, 132, 73, 29, 113, 82, 138, 21, 177, 116, 163, 80, 83, 62, 66, 48, 129, 54, 167, 199, 194, 156, 120, 158, 145, 122, 133, 91, 141, 12, 178, 127, 67, 103, 200, 111, 88, 44, 86, 96, 154, 157, 6, 77, 50, 11, 142, 85, 147, 190, 36, 23, 59, 25, 124, 5, 1, 161, 130, 131, 64, 162, 47, 180, 144, 15, 92, 174, 192, 160, 159, 125, 153, 197, 2, 188, 112, 42, 56, 53, 134, 104, 3, 93, 185, 151, 146]
init_num: 168 spread_num: 188 S:[9, 99, 49, 20, 30, 179, 18, 181, 198, 106, 19, 119, 4, 115, 168, 97, 69, 101, 46, 176, 32, 182, 16, 58, 65, 7, 71, 166, 33, 184, 28, 117, 128, 148, 195, 57, 164, 40, 165, 109, 173, 186, 172, 87, 26, 52, 78, 39, 76, 63, 114, 110, 196, 143, 34, 100, 60, 98, 171, 102, 61, 37, 8, 79, 13, 123, 35, 27, 55, 187, 191, 140, 152, 68, 84, 74, 193, 0, 139, 169, 10, 132, 73, 29, 113, 82, 138, 21, 177, 116, 163, 80, 83, 62, 66, 48, 129, 54, 167, 199, 194, 156, 120, 158, 145, 122, 133, 91, 141, 12, 178, 127, 67, 103, 200, 111, 88, 44, 86, 96, 154, 157, 6, 77, 50, 11, 142, 85, 147, 190, 36, 23, 59, 25, 124, 5, 1, 161, 130, 131, 64, 162, 47, 180, 144, 15, 92, 174, 192, 160, 159, 125, 153, 197, 2, 188, 112, 42, 56, 53, 134, 104, 3, 93, 185, 151, 146, 105]
init_num: 169 spread_num: 189 S:[9, 99, 49, 20, 30, 179, 18, 181, 198, 106, 19, 119, 4, 115, 168, 97, 69, 101, 46, 176, 32, 182, 16, 58, 65, 7, 71, 166, 33, 184, 28, 117, 128, 148, 195, 57, 164, 40, 165, 109, 173, 186, 172, 87, 26, 52, 78, 39, 76, 63, 114, 110, 196, 143, 34, 100, 60, 98, 171, 102, 61, 37, 8, 79, 13, 123, 35, 27, 55, 187, 191, 140, 152, 68, 84, 74, 193, 0, 139, 169, 10, 132, 73, 29, 113, 82, 138, 21, 177, 116, 163, 80, 83, 62, 66, 48, 129, 54, 167, 199, 194, 156, 120, 158, 145, 122, 133, 91, 141, 12, 178, 127, 67, 103, 200, 111, 88, 44, 86, 96, 154, 157, 6, 77, 50, 11, 142, 85, 147, 190, 36, 23, 59, 25, 124, 5, 1, 161, 130, 131, 64, 162, 47, 180, 144, 15, 92, 174, 192, 160, 159, 125, 153, 197, 2, 188, 112, 42, 56, 53, 134, 104, 3, 93, 185, 151, 146, 105, 43]
init_num: 170 spread_num: 193 S:[9, 99, 49, 20, 30, 179, 18, 181, 198, 106, 19, 119, 4, 115, 168, 97, 69, 101, 46, 176, 32, 182, 16, 58, 65, 7, 71, 166, 33, 184, 28, 117, 128, 148, 195, 57, 164, 40, 165, 109, 173, 186, 172, 87, 26, 52, 78, 39, 76, 63, 114, 110, 196, 143, 34, 100, 60, 98, 171, 102, 61, 37, 8, 79, 13, 123, 35, 27, 55, 187, 191, 140, 152, 68, 84, 74, 193, 0, 139, 169, 10, 132, 73, 29, 113, 82, 138, 21, 177, 116, 163, 80, 83, 62, 66, 48, 129, 54, 167, 199, 194, 156, 120, 158, 145, 122, 133, 91, 141, 12, 178, 127, 67, 103, 200, 111, 88, 44, 86, 96, 154, 157, 6, 77, 50, 11, 142, 85, 147, 190, 36, 23, 59, 25, 124, 5, 1, 161, 130, 131, 64, 162, 47, 180, 144, 15, 92, 174, 192, 160, 159, 125, 153, 197, 2, 188, 112, 42, 56, 53, 134, 104, 3, 93, 185, 151, 146, 105, 43, 150]
init_num: 171 spread_num: 190 S:[9, 99, 49, 20, 30, 179, 18, 181, 198, 106, 19, 119, 4, 115, 168, 97, 69, 101, 46, 176, 32, 182, 16, 58, 65, 7, 71, 166, 33, 184, 28, 117, 128, 148, 195, 57, 164, 40, 165, 109, 173, 186, 172, 87, 26, 52, 78, 39, 76, 63, 114, 110, 196, 143, 34, 100, 60, 98, 171, 102, 61, 37, 8, 79, 13, 123, 35, 27, 55, 187, 191, 140, 152, 68, 84, 74, 193, 0, 139, 169, 10, 132, 73, 29, 113, 82, 138, 21, 177, 116, 163, 80, 83, 62, 66, 48, 129, 54, 167, 199, 194, 156, 120, 158, 145, 122, 133, 91, 141, 12, 178, 127, 67, 103, 200, 111, 88, 44, 86, 96, 154, 157, 6, 77, 50, 11, 142, 85, 147, 190, 36, 23, 59, 25, 124, 5, 1, 161, 130, 131, 64, 162, 47, 180, 144, 15, 92, 174, 192, 160, 159, 125, 153, 197, 2, 188, 112, 42, 56, 53, 134, 104, 3, 93, 185, 151, 146, 105, 43, 150, 45]
init_num: 172 spread_num: 190 S:[9, 99, 49, 20, 30, 179, 18, 181, 198, 106, 19, 119, 4, 115, 168, 97, 69, 101, 46, 176, 32, 182, 16, 58, 65, 7, 71, 166, 33, 184, 28, 117, 128, 148, 195, 57, 164, 40, 165, 109, 173, 186, 172, 87, 26, 52, 78, 39, 76, 63, 114, 110, 196, 143, 34, 100, 60, 98, 171, 102, 61, 37, 8, 79, 13, 123, 35, 27, 55, 187, 191, 140, 152, 68, 84, 74, 193, 0, 139, 169, 10, 132, 73, 29, 113, 82, 138, 21, 177, 116, 163, 80, 83, 62, 66, 48, 129, 54, 167, 199, 194, 156, 120, 158, 145, 122, 133, 91, 141, 12, 178, 127, 67, 103, 200, 111, 88, 44, 86, 96, 154, 157, 6, 77, 50, 11, 142, 85, 147, 190, 36, 23, 59, 25, 124, 5, 1, 161, 130, 131, 64, 162, 47, 180, 144, 15, 92, 174, 192, 160, 159, 125, 153, 197, 2, 188, 112, 42, 56, 53, 134, 104, 3, 93, 185, 151, 146, 105, 43, 150, 45, 136]
init_num: 173 spread_num: 191 S:[9, 99, 49, 20, 30, 179, 18, 181, 198, 106, 19, 119, 4, 115, 168, 97, 69, 101, 46, 176, 32, 182, 16, 58, 65, 7, 71, 166, 33, 184, 28, 117, 128, 148, 195, 57, 164, 40, 165, 109, 173, 186, 172, 87, 26, 52, 78, 39, 76, 63, 114, 110, 196, 143, 34, 100, 60, 98, 171, 102, 61, 37, 8, 79, 13, 123, 35, 27, 55, 187, 191, 140, 152, 68, 84, 74, 193, 0, 139, 169, 10, 132, 73, 29, 113, 82, 138, 21, 177, 116, 163, 80, 83, 62, 66, 48, 129, 54, 167, 199, 194, 156, 120, 158, 145, 122, 133, 91, 141, 12, 178, 127, 67, 103, 200, 111, 88, 44, 86, 96, 154, 157, 6, 77, 50, 11, 142, 85, 147, 190, 36, 23, 59, 25, 124, 5, 1, 161, 130, 131, 64, 162, 47, 180, 144, 15, 92, 174, 192, 160, 159, 125, 153, 197, 2, 188, 112, 42, 56, 53, 134, 104, 3, 93, 185, 151, 146, 105, 43, 150, 45, 136, 70]
init_num: 174 spread_num: 191 S:[9, 99, 49, 20, 30, 179, 18, 181, 198, 106, 19, 119, 4, 115, 168, 97, 69, 101, 46, 176, 32, 182, 16, 58, 65, 7, 71, 166, 33, 184, 28, 117, 128, 148, 195, 57, 164, 40, 165, 109, 173, 186, 172, 87, 26, 52, 78, 39, 76, 63, 114, 110, 196, 143, 34, 100, 60, 98, 171, 102, 61, 37, 8, 79, 13, 123, 35, 27, 55, 187, 191, 140, 152, 68, 84, 74, 193, 0, 139, 169, 10, 132, 73, 29, 113, 82, 138, 21, 177, 116, 163, 80, 83, 62, 66, 48, 129, 54, 167, 199, 194, 156, 120, 158, 145, 122, 133, 91, 141, 12, 178, 127, 67, 103, 200, 111, 88, 44, 86, 96, 154, 157, 6, 77, 50, 11, 142, 85, 147, 190, 36, 23, 59, 25, 124, 5, 1, 161, 130, 131, 64, 162, 47, 180, 144, 15, 92, 174, 192, 160, 159, 125, 153, 197, 2, 188, 112, 42, 56, 53, 134, 104, 3, 93, 185, 151, 146, 105, 43, 150, 45, 136, 70, 81]
init_num: 175 spread_num: 194 S:[9, 99, 49, 20, 30, 179, 18, 181, 198, 106, 19, 119, 4, 115, 168, 97, 69, 101, 46, 176, 32, 182, 16, 58, 65, 7, 71, 166, 33, 184, 28, 117, 128, 148, 195, 57, 164, 40, 165, 109, 173, 186, 172, 87, 26, 52, 78, 39, 76, 63, 114, 110, 196, 143, 34, 100, 60, 98, 171, 102, 61, 37, 8, 79, 13, 123, 35, 27, 55, 187, 191, 140, 152, 68, 84, 74, 193, 0, 139, 169, 10, 132, 73, 29, 113, 82, 138, 21, 177, 116, 163, 80, 83, 62, 66, 48, 129, 54, 167, 199, 194, 156, 120, 158, 145, 122, 133, 91, 141, 12, 178, 127, 67, 103, 200, 111, 88, 44, 86, 96, 154, 157, 6, 77, 50, 11, 142, 85, 147, 190, 36, 23, 59, 25, 124, 5, 1, 161, 130, 131, 64, 162, 47, 180, 144, 15, 92, 174, 192, 160, 159, 125, 153, 197, 2, 188, 112, 42, 56, 53, 134, 104, 3, 93, 185, 151, 146, 105, 43, 150, 45, 136, 70, 81, 149]
init_num: 176 spread_num: 194 S:[9, 99, 49, 20, 30, 179, 18, 181, 198, 106, 19, 119, 4, 115, 168, 97, 69, 101, 46, 176, 32, 182, 16, 58, 65, 7, 71, 166, 33, 184, 28, 117, 128, 148, 195, 57, 164, 40, 165, 109, 173, 186, 172, 87, 26, 52, 78, 39, 76, 63, 114, 110, 196, 143, 34, 100, 60, 98, 171, 102, 61, 37, 8, 79, 13, 123, 35, 27, 55, 187, 191, 140, 152, 68, 84, 74, 193, 0, 139, 169, 10, 132, 73, 29, 113, 82, 138, 21, 177, 116, 163, 80, 83, 62, 66, 48, 129, 54, 167, 199, 194, 156, 120, 158, 145, 122, 133, 91, 141, 12, 178, 127, 67, 103, 200, 111, 88, 44, 86, 96, 154, 157, 6, 77, 50, 11, 142, 85, 147, 190, 36, 23, 59, 25, 124, 5, 1, 161, 130, 131, 64, 162, 47, 180, 144, 15, 92, 174, 192, 160, 159, 125, 153, 197, 2, 188, 112, 42, 56, 53, 134, 104, 3, 93, 185, 151, 146, 105, 43, 150, 45, 136, 70, 81, 149, 118]
init_num: 177 spread_num: 193 S:[9, 99, 49, 20, 30, 179, 18, 181, 198, 106, 19, 119, 4, 115, 168, 97, 69, 101, 46, 176, 32, 182, 16, 58, 65, 7, 71, 166, 33, 184, 28, 117, 128, 148, 195, 57, 164, 40, 165, 109, 173, 186, 172, 87, 26, 52, 78, 39, 76, 63, 114, 110, 196, 143, 34, 100, 60, 98, 171, 102, 61, 37, 8, 79, 13, 123, 35, 27, 55, 187, 191, 140, 152, 68, 84, 74, 193, 0, 139, 169, 10, 132, 73, 29, 113, 82, 138, 21, 177, 116, 163, 80, 83, 62, 66, 48, 129, 54, 167, 199, 194, 156, 120, 158, 145, 122, 133, 91, 141, 12, 178, 127, 67, 103, 200, 111, 88, 44, 86, 96, 154, 157, 6, 77, 50, 11, 142, 85, 147, 190, 36, 23, 59, 25, 124, 5, 1, 161, 130, 131, 64, 162, 47, 180, 144, 15, 92, 174, 192, 160, 159, 125, 153, 197, 2, 188, 112, 42, 56, 53, 134, 104, 3, 93, 185, 151, 146, 105, 43, 150, 45, 136, 70, 81, 149, 118, 155]
init_num: 178 spread_num: 193 S:[9, 99, 49, 20, 30, 179, 18, 181, 198, 106, 19, 119, 4, 115, 168, 97, 69, 101, 46, 176, 32, 182, 16, 58, 65, 7, 71, 166, 33, 184, 28, 117, 128, 148, 195, 57, 164, 40, 165, 109, 173, 186, 172, 87, 26, 52, 78, 39, 76, 63, 114, 110, 196, 143, 34, 100, 60, 98, 171, 102, 61, 37, 8, 79, 13, 123, 35, 27, 55, 187, 191, 140, 152, 68, 84, 74, 193, 0, 139, 169, 10, 132, 73, 29, 113, 82, 138, 21, 177, 116, 163, 80, 83, 62, 66, 48, 129, 54, 167, 199, 194, 156, 120, 158, 145, 122, 133, 91, 141, 12, 178, 127, 67, 103, 200, 111, 88, 44, 86, 96, 154, 157, 6, 77, 50, 11, 142, 85, 147, 190, 36, 23, 59, 25, 124, 5, 1, 161, 130, 131, 64, 162, 47, 180, 144, 15, 92, 174, 192, 160, 159, 125, 153, 197, 2, 188, 112, 42, 56, 53, 134, 104, 3, 93, 185, 151, 146, 105, 43, 150, 45, 136, 70, 81, 149, 118, 155, 95]
init_num: 179 spread_num: 194 S:[9, 99, 49, 20, 30, 179, 18, 181, 198, 106, 19, 119, 4, 115, 168, 97, 69, 101, 46, 176, 32, 182, 16, 58, 65, 7, 71, 166, 33, 184, 28, 117, 128, 148, 195, 57, 164, 40, 165, 109, 173, 186, 172, 87, 26, 52, 78, 39, 76, 63, 114, 110, 196, 143, 34, 100, 60, 98, 171, 102, 61, 37, 8, 79, 13, 123, 35, 27, 55, 187, 191, 140, 152, 68, 84, 74, 193, 0, 139, 169, 10, 132, 73, 29, 113, 82, 138, 21, 177, 116, 163, 80, 83, 62, 66, 48, 129, 54, 167, 199, 194, 156, 120, 158, 145, 122, 133, 91, 141, 12, 178, 127, 67, 103, 200, 111, 88, 44, 86, 96, 154, 157, 6, 77, 50, 11, 142, 85, 147, 190, 36, 23, 59, 25, 124, 5, 1, 161, 130, 131, 64, 162, 47, 180, 144, 15, 92, 174, 192, 160, 159, 125, 153, 197, 2, 188, 112, 42, 56, 53, 134, 104, 3, 93, 185, 151, 146, 105, 43, 150, 45, 136, 70, 81, 149, 118, 155, 95, 183]
init_num: 180 spread_num: 194 S:[9, 99, 49, 20, 30, 179, 18, 181, 198, 106, 19, 119, 4, 115, 168, 97, 69, 101, 46, 176, 32, 182, 16, 58, 65, 7, 71, 166, 33, 184, 28, 117, 128, 148, 195, 57, 164, 40, 165, 109, 173, 186, 172, 87, 26, 52, 78, 39, 76, 63, 114, 110, 196, 143, 34, 100, 60, 98, 171, 102, 61, 37, 8, 79, 13, 123, 35, 27, 55, 187, 191, 140, 152, 68, 84, 74, 193, 0, 139, 169, 10, 132, 73, 29, 113, 82, 138, 21, 177, 116, 163, 80, 83, 62, 66, 48, 129, 54, 167, 199, 194, 156, 120, 158, 145, 122, 133, 91, 141, 12, 178, 127, 67, 103, 200, 111, 88, 44, 86, 96, 154, 157, 6, 77, 50, 11, 142, 85, 147, 190, 36, 23, 59, 25, 124, 5, 1, 161, 130, 131, 64, 162, 47, 180, 144, 15, 92, 174, 192, 160, 159, 125, 153, 197, 2, 188, 112, 42, 56, 53, 134, 104, 3, 93, 185, 151, 146, 105, 43, 150, 45, 136, 70, 81, 149, 118, 155, 95, 183, 170]
init_num: 181 spread_num: 194 S:[9, 99, 49, 20, 30, 179, 18, 181, 198, 106, 19, 119, 4, 115, 168, 97, 69, 101, 46, 176, 32, 182, 16, 58, 65, 7, 71, 166, 33, 184, 28, 117, 128, 148, 195, 57, 164, 40, 165, 109, 173, 186, 172, 87, 26, 52, 78, 39, 76, 63, 114, 110, 196, 143, 34, 100, 60, 98, 171, 102, 61, 37, 8, 79, 13, 123, 35, 27, 55, 187, 191, 140, 152, 68, 84, 74, 193, 0, 139, 169, 10, 132, 73, 29, 113, 82, 138, 21, 177, 116, 163, 80, 83, 62, 66, 48, 129, 54, 167, 199, 194, 156, 120, 158, 145, 122, 133, 91, 141, 12, 178, 127, 67, 103, 200, 111, 88, 44, 86, 96, 154, 157, 6, 77, 50, 11, 142, 85, 147, 190, 36, 23, 59, 25, 124, 5, 1, 161, 130, 131, 64, 162, 47, 180, 144, 15, 92, 174, 192, 160, 159, 125, 153, 197, 2, 188, 112, 42, 56, 53, 134, 104, 3, 93, 185, 151, 146, 105, 43, 150, 45, 136, 70, 81, 149, 118, 155, 95, 183, 170, 135]
init_num: 182 spread_num: 193 S:[9, 99, 49, 20, 30, 179, 18, 181, 198, 106, 19, 119, 4, 115, 168, 97, 69, 101, 46, 176, 32, 182, 16, 58, 65, 7, 71, 166, 33, 184, 28, 117, 128, 148, 195, 57, 164, 40, 165, 109, 173, 186, 172, 87, 26, 52, 78, 39, 76, 63, 114, 110, 196, 143, 34, 100, 60, 98, 171, 102, 61, 37, 8, 79, 13, 123, 35, 27, 55, 187, 191, 140, 152, 68, 84, 74, 193, 0, 139, 169, 10, 132, 73, 29, 113, 82, 138, 21, 177, 116, 163, 80, 83, 62, 66, 48, 129, 54, 167, 199, 194, 156, 120, 158, 145, 122, 133, 91, 141, 12, 178, 127, 67, 103, 200, 111, 88, 44, 86, 96, 154, 157, 6, 77, 50, 11, 142, 85, 147, 190, 36, 23, 59, 25, 124, 5, 1, 161, 130, 131, 64, 162, 47, 180, 144, 15, 92, 174, 192, 160, 159, 125, 153, 197, 2, 188, 112, 42, 56, 53, 134, 104, 3, 93, 185, 151, 146, 105, 43, 150, 45, 136, 70, 81, 149, 118, 155, 95, 183, 170, 135, 75]
init_num: 183 spread_num: 195 S:[9, 99, 49, 20, 30, 179, 18, 181, 198, 106, 19, 119, 4, 115, 168, 97, 69, 101, 46, 176, 32, 182, 16, 58, 65, 7, 71, 166, 33, 184, 28, 117, 128, 148, 195, 57, 164, 40, 165, 109, 173, 186, 172, 87, 26, 52, 78, 39, 76, 63, 114, 110, 196, 143, 34, 100, 60, 98, 171, 102, 61, 37, 8, 79, 13, 123, 35, 27, 55, 187, 191, 140, 152, 68, 84, 74, 193, 0, 139, 169, 10, 132, 73, 29, 113, 82, 138, 21, 177, 116, 163, 80, 83, 62, 66, 48, 129, 54, 167, 199, 194, 156, 120, 158, 145, 122, 133, 91, 141, 12, 178, 127, 67, 103, 200, 111, 88, 44, 86, 96, 154, 157, 6, 77, 50, 11, 142, 85, 147, 190, 36, 23, 59, 25, 124, 5, 1, 161, 130, 131, 64, 162, 47, 180, 144, 15, 92, 174, 192, 160, 159, 125, 153, 197, 2, 188, 112, 42, 56, 53, 134, 104, 3, 93, 185, 151, 146, 105, 43, 150, 45, 136, 70, 81, 149, 118, 155, 95, 183, 170, 135, 75, 137]
init_num: 184 spread_num: 196 S:[9, 99, 49, 20, 30, 179, 18, 181, 198, 106, 19, 119, 4, 115, 168, 97, 69, 101, 46, 176, 32, 182, 16, 58, 65, 7, 71, 166, 33, 184, 28, 117, 128, 148, 195, 57, 164, 40, 165, 109, 173, 186, 172, 87, 26, 52, 78, 39, 76, 63, 114, 110, 196, 143, 34, 100, 60, 98, 171, 102, 61, 37, 8, 79, 13, 123, 35, 27, 55, 187, 191, 140, 152, 68, 84, 74, 193, 0, 139, 169, 10, 132, 73, 29, 113, 82, 138, 21, 177, 116, 163, 80, 83, 62, 66, 48, 129, 54, 167, 199, 194, 156, 120, 158, 145, 122, 133, 91, 141, 12, 178, 127, 67, 103, 200, 111, 88, 44, 86, 96, 154, 157, 6, 77, 50, 11, 142, 85, 147, 190, 36, 23, 59, 25, 124, 5, 1, 161, 130, 131, 64, 162, 47, 180, 144, 15, 92, 174, 192, 160, 159, 125, 153, 197, 2, 188, 112, 42, 56, 53, 134, 104, 3, 93, 185, 151, 146, 105, 43, 150, 45, 136, 70, 81, 149, 118, 155, 95, 183, 170, 135, 75, 137, 41]
init_num: 185 spread_num: 196 S:[9, 99, 49, 20, 30, 179, 18, 181, 198, 106, 19, 119, 4, 115, 168, 97, 69, 101, 46, 176, 32, 182, 16, 58, 65, 7, 71, 166, 33, 184, 28, 117, 128, 148, 195, 57, 164, 40, 165, 109, 173, 186, 172, 87, 26, 52, 78, 39, 76, 63, 114, 110, 196, 143, 34, 100, 60, 98, 171, 102, 61, 37, 8, 79, 13, 123, 35, 27, 55, 187, 191, 140, 152, 68, 84, 74, 193, 0, 139, 169, 10, 132, 73, 29, 113, 82, 138, 21, 177, 116, 163, 80, 83, 62, 66, 48, 129, 54, 167, 199, 194, 156, 120, 158, 145, 122, 133, 91, 141, 12, 178, 127, 67, 103, 200, 111, 88, 44, 86, 96, 154, 157, 6, 77, 50, 11, 142, 85, 147, 190, 36, 23, 59, 25, 124, 5, 1, 161, 130, 131, 64, 162, 47, 180, 144, 15, 92, 174, 192, 160, 159, 125, 153, 197, 2, 188, 112, 42, 56, 53, 134, 104, 3, 93, 185, 151, 146, 105, 43, 150, 45, 136, 70, 81, 149, 118, 155, 95, 183, 170, 135, 75, 137, 41, 24]
init_num: 186 spread_num: 197 S:[9, 99, 49, 20, 30, 179, 18, 181, 198, 106, 19, 119, 4, 115, 168, 97, 69, 101, 46, 176, 32, 182, 16, 58, 65, 7, 71, 166, 33, 184, 28, 117, 128, 148, 195, 57, 164, 40, 165, 109, 173, 186, 172, 87, 26, 52, 78, 39, 76, 63, 114, 110, 196, 143, 34, 100, 60, 98, 171, 102, 61, 37, 8, 79, 13, 123, 35, 27, 55, 187, 191, 140, 152, 68, 84, 74, 193, 0, 139, 169, 10, 132, 73, 29, 113, 82, 138, 21, 177, 116, 163, 80, 83, 62, 66, 48, 129, 54, 167, 199, 194, 156, 120, 158, 145, 122, 133, 91, 141, 12, 178, 127, 67, 103, 200, 111, 88, 44, 86, 96, 154, 157, 6, 77, 50, 11, 142, 85, 147, 190, 36, 23, 59, 25, 124, 5, 1, 161, 130, 131, 64, 162, 47, 180, 144, 15, 92, 174, 192, 160, 159, 125, 153, 197, 2, 188, 112, 42, 56, 53, 134, 104, 3, 93, 185, 151, 146, 105, 43, 150, 45, 136, 70, 81, 149, 118, 155, 95, 183, 170, 135, 75, 137, 41, 24, 107]
init_num: 187 spread_num: 196 S:[9, 99, 49, 20, 30, 179, 18, 181, 198, 106, 19, 119, 4, 115, 168, 97, 69, 101, 46, 176, 32, 182, 16, 58, 65, 7, 71, 166, 33, 184, 28, 117, 128, 148, 195, 57, 164, 40, 165, 109, 173, 186, 172, 87, 26, 52, 78, 39, 76, 63, 114, 110, 196, 143, 34, 100, 60, 98, 171, 102, 61, 37, 8, 79, 13, 123, 35, 27, 55, 187, 191, 140, 152, 68, 84, 74, 193, 0, 139, 169, 10, 132, 73, 29, 113, 82, 138, 21, 177, 116, 163, 80, 83, 62, 66, 48, 129, 54, 167, 199, 194, 156, 120, 158, 145, 122, 133, 91, 141, 12, 178, 127, 67, 103, 200, 111, 88, 44, 86, 96, 154, 157, 6, 77, 50, 11, 142, 85, 147, 190, 36, 23, 59, 25, 124, 5, 1, 161, 130, 131, 64, 162, 47, 180, 144, 15, 92, 174, 192, 160, 159, 125, 153, 197, 2, 188, 112, 42, 56, 53, 134, 104, 3, 93, 185, 151, 146, 105, 43, 150, 45, 136, 70, 81, 149, 118, 155, 95, 183, 170, 135, 75, 137, 41, 24, 107, 108]
init_num: 188 spread_num: 197 S:[9, 99, 49, 20, 30, 179, 18, 181, 198, 106, 19, 119, 4, 115, 168, 97, 69, 101, 46, 176, 32, 182, 16, 58, 65, 7, 71, 166, 33, 184, 28, 117, 128, 148, 195, 57, 164, 40, 165, 109, 173, 186, 172, 87, 26, 52, 78, 39, 76, 63, 114, 110, 196, 143, 34, 100, 60, 98, 171, 102, 61, 37, 8, 79, 13, 123, 35, 27, 55, 187, 191, 140, 152, 68, 84, 74, 193, 0, 139, 169, 10, 132, 73, 29, 113, 82, 138, 21, 177, 116, 163, 80, 83, 62, 66, 48, 129, 54, 167, 199, 194, 156, 120, 158, 145, 122, 133, 91, 141, 12, 178, 127, 67, 103, 200, 111, 88, 44, 86, 96, 154, 157, 6, 77, 50, 11, 142, 85, 147, 190, 36, 23, 59, 25, 124, 5, 1, 161, 130, 131, 64, 162, 47, 180, 144, 15, 92, 174, 192, 160, 159, 125, 153, 197, 2, 188, 112, 42, 56, 53, 134, 104, 3, 93, 185, 151, 146, 105, 43, 150, 45, 136, 70, 81, 149, 118, 155, 95, 183, 170, 135, 75, 137, 41, 24, 107, 108, 94]
init_num: 189 spread_num: 197 S:[9, 99, 49, 20, 30, 179, 18, 181, 198, 106, 19, 119, 4, 115, 168, 97, 69, 101, 46, 176, 32, 182, 16, 58, 65, 7, 71, 166, 33, 184, 28, 117, 128, 148, 195, 57, 164, 40, 165, 109, 173, 186, 172, 87, 26, 52, 78, 39, 76, 63, 114, 110, 196, 143, 34, 100, 60, 98, 171, 102, 61, 37, 8, 79, 13, 123, 35, 27, 55, 187, 191, 140, 152, 68, 84, 74, 193, 0, 139, 169, 10, 132, 73, 29, 113, 82, 138, 21, 177, 116, 163, 80, 83, 62, 66, 48, 129, 54, 167, 199, 194, 156, 120, 158, 145, 122, 133, 91, 141, 12, 178, 127, 67, 103, 200, 111, 88, 44, 86, 96, 154, 157, 6, 77, 50, 11, 142, 85, 147, 190, 36, 23, 59, 25, 124, 5, 1, 161, 130, 131, 64, 162, 47, 180, 144, 15, 92, 174, 192, 160, 159, 125, 153, 197, 2, 188, 112, 42, 56, 53, 134, 104, 3, 93, 185, 151, 146, 105, 43, 150, 45, 136, 70, 81, 149, 118, 155, 95, 183, 170, 135, 75, 137, 41, 24, 107, 108, 94, 14]
init_num: 190 spread_num: 197 S:[9, 99, 49, 20, 30, 179, 18, 181, 198, 106, 19, 119, 4, 115, 168, 97, 69, 101, 46, 176, 32, 182, 16, 58, 65, 7, 71, 166, 33, 184, 28, 117, 128, 148, 195, 57, 164, 40, 165, 109, 173, 186, 172, 87, 26, 52, 78, 39, 76, 63, 114, 110, 196, 143, 34, 100, 60, 98, 171, 102, 61, 37, 8, 79, 13, 123, 35, 27, 55, 187, 191, 140, 152, 68, 84, 74, 193, 0, 139, 169, 10, 132, 73, 29, 113, 82, 138, 21, 177, 116, 163, 80, 83, 62, 66, 48, 129, 54, 167, 199, 194, 156, 120, 158, 145, 122, 133, 91, 141, 12, 178, 127, 67, 103, 200, 111, 88, 44, 86, 96, 154, 157, 6, 77, 50, 11, 142, 85, 147, 190, 36, 23, 59, 25, 124, 5, 1, 161, 130, 131, 64, 162, 47, 180, 144, 15, 92, 174, 192, 160, 159, 125, 153, 197, 2, 188, 112, 42, 56, 53, 134, 104, 3, 93, 185, 151, 146, 105, 43, 150, 45, 136, 70, 81, 149, 118, 155, 95, 183, 170, 135, 75, 137, 41, 24, 107, 108, 94, 14, 189]
init_num: 191 spread_num: 196 S:[9, 99, 49, 20, 30, 179, 18, 181, 198, 106, 19, 119, 4, 115, 168, 97, 69, 101, 46, 176, 32, 182, 16, 58, 65, 7, 71, 166, 33, 184, 28, 117, 128, 148, 195, 57, 164, 40, 165, 109, 173, 186, 172, 87, 26, 52, 78, 39, 76, 63, 114, 110, 196, 143, 34, 100, 60, 98, 171, 102, 61, 37, 8, 79, 13, 123, 35, 27, 55, 187, 191, 140, 152, 68, 84, 74, 193, 0, 139, 169, 10, 132, 73, 29, 113, 82, 138, 21, 177, 116, 163, 80, 83, 62, 66, 48, 129, 54, 167, 199, 194, 156, 120, 158, 145, 122, 133, 91, 141, 12, 178, 127, 67, 103, 200, 111, 88, 44, 86, 96, 154, 157, 6, 77, 50, 11, 142, 85, 147, 190, 36, 23, 59, 25, 124, 5, 1, 161, 130, 131, 64, 162, 47, 180, 144, 15, 92, 174, 192, 160, 159, 125, 153, 197, 2, 188, 112, 42, 56, 53, 134, 104, 3, 93, 185, 151, 146, 105, 43, 150, 45, 136, 70, 81, 149, 118, 155, 95, 183, 170, 135, 75, 137, 41, 24, 107, 108, 94, 14, 189, 126]
init_num: 192 spread_num: 198 S:[9, 99, 49, 20, 30, 179, 18, 181, 198, 106, 19, 119, 4, 115, 168, 97, 69, 101, 46, 176, 32, 182, 16, 58, 65, 7, 71, 166, 33, 184, 28, 117, 128, 148, 195, 57, 164, 40, 165, 109, 173, 186, 172, 87, 26, 52, 78, 39, 76, 63, 114, 110, 196, 143, 34, 100, 60, 98, 171, 102, 61, 37, 8, 79, 13, 123, 35, 27, 55, 187, 191, 140, 152, 68, 84, 74, 193, 0, 139, 169, 10, 132, 73, 29, 113, 82, 138, 21, 177, 116, 163, 80, 83, 62, 66, 48, 129, 54, 167, 199, 194, 156, 120, 158, 145, 122, 133, 91, 141, 12, 178, 127, 67, 103, 200, 111, 88, 44, 86, 96, 154, 157, 6, 77, 50, 11, 142, 85, 147, 190, 36, 23, 59, 25, 124, 5, 1, 161, 130, 131, 64, 162, 47, 180, 144, 15, 92, 174, 192, 160, 159, 125, 153, 197, 2, 188, 112, 42, 56, 53, 134, 104, 3, 93, 185, 151, 146, 105, 43, 150, 45, 136, 70, 81, 149, 118, 155, 95, 183, 170, 135, 75, 137, 41, 24, 107, 108, 94, 14, 189, 126, 175]
init_num: 193 spread_num: 199 S:[9, 99, 49, 20, 30, 179, 18, 181, 198, 106, 19, 119, 4, 115, 168, 97, 69, 101, 46, 176, 32, 182, 16, 58, 65, 7, 71, 166, 33, 184, 28, 117, 128, 148, 195, 57, 164, 40, 165, 109, 173, 186, 172, 87, 26, 52, 78, 39, 76, 63, 114, 110, 196, 143, 34, 100, 60, 98, 171, 102, 61, 37, 8, 79, 13, 123, 35, 27, 55, 187, 191, 140, 152, 68, 84, 74, 193, 0, 139, 169, 10, 132, 73, 29, 113, 82, 138, 21, 177, 116, 163, 80, 83, 62, 66, 48, 129, 54, 167, 199, 194, 156, 120, 158, 145, 122, 133, 91, 141, 12, 178, 127, 67, 103, 200, 111, 88, 44, 86, 96, 154, 157, 6, 77, 50, 11, 142, 85, 147, 190, 36, 23, 59, 25, 124, 5, 1, 161, 130, 131, 64, 162, 47, 180, 144, 15, 92, 174, 192, 160, 159, 125, 153, 197, 2, 188, 112, 42, 56, 53, 134, 104, 3, 93, 185, 151, 146, 105, 43, 150, 45, 136, 70, 81, 149, 118, 155, 95, 183, 170, 135, 75, 137, 41, 24, 107, 108, 94, 14, 189, 126, 175, 22]
init_num: 194 spread_num: 199 S:[9, 99, 49, 20, 30, 179, 18, 181, 198, 106, 19, 119, 4, 115, 168, 97, 69, 101, 46, 176, 32, 182, 16, 58, 65, 7, 71, 166, 33, 184, 28, 117, 128, 148, 195, 57, 164, 40, 165, 109, 173, 186, 172, 87, 26, 52, 78, 39, 76, 63, 114, 110, 196, 143, 34, 100, 60, 98, 171, 102, 61, 37, 8, 79, 13, 123, 35, 27, 55, 187, 191, 140, 152, 68, 84, 74, 193, 0, 139, 169, 10, 132, 73, 29, 113, 82, 138, 21, 177, 116, 163, 80, 83, 62, 66, 48, 129, 54, 167, 199, 194, 156, 120, 158, 145, 122, 133, 91, 141, 12, 178, 127, 67, 103, 200, 111, 88, 44, 86, 96, 154, 157, 6, 77, 50, 11, 142, 85, 147, 190, 36, 23, 59, 25, 124, 5, 1, 161, 130, 131, 64, 162, 47, 180, 144, 15, 92, 174, 192, 160, 159, 125, 153, 197, 2, 188, 112, 42, 56, 53, 134, 104, 3, 93, 185, 151, 146, 105, 43, 150, 45, 136, 70, 81, 149, 118, 155, 95, 183, 170, 135, 75, 137, 41, 24, 107, 108, 94, 14, 189, 126, 175, 22, 121]
init_num: 195 spread_num: 198 S:[9, 99, 49, 20, 30, 179, 18, 181, 198, 106, 19, 119, 4, 115, 168, 97, 69, 101, 46, 176, 32, 182, 16, 58, 65, 7, 71, 166, 33, 184, 28, 117, 128, 148, 195, 57, 164, 40, 165, 109, 173, 186, 172, 87, 26, 52, 78, 39, 76, 63, 114, 110, 196, 143, 34, 100, 60, 98, 171, 102, 61, 37, 8, 79, 13, 123, 35, 27, 55, 187, 191, 140, 152, 68, 84, 74, 193, 0, 139, 169, 10, 132, 73, 29, 113, 82, 138, 21, 177, 116, 163, 80, 83, 62, 66, 48, 129, 54, 167, 199, 194, 156, 120, 158, 145, 122, 133, 91, 141, 12, 178, 127, 67, 103, 200, 111, 88, 44, 86, 96, 154, 157, 6, 77, 50, 11, 142, 85, 147, 190, 36, 23, 59, 25, 124, 5, 1, 161, 130, 131, 64, 162, 47, 180, 144, 15, 92, 174, 192, 160, 159, 125, 153, 197, 2, 188, 112, 42, 56, 53, 134, 104, 3, 93, 185, 151, 146, 105, 43, 150, 45, 136, 70, 81, 149, 118, 155, 95, 183, 170, 135, 75, 137, 41, 24, 107, 108, 94, 14, 189, 126, 175, 22, 121, 38]
init_num: 196 spread_num: 199 S:[9, 99, 49, 20, 30, 179, 18, 181, 198, 106, 19, 119, 4, 115, 168, 97, 69, 101, 46, 176, 32, 182, 16, 58, 65, 7, 71, 166, 33, 184, 28, 117, 128, 148, 195, 57, 164, 40, 165, 109, 173, 186, 172, 87, 26, 52, 78, 39, 76, 63, 114, 110, 196, 143, 34, 100, 60, 98, 171, 102, 61, 37, 8, 79, 13, 123, 35, 27, 55, 187, 191, 140, 152, 68, 84, 74, 193, 0, 139, 169, 10, 132, 73, 29, 113, 82, 138, 21, 177, 116, 163, 80, 83, 62, 66, 48, 129, 54, 167, 199, 194, 156, 120, 158, 145, 122, 133, 91, 141, 12, 178, 127, 67, 103, 200, 111, 88, 44, 86, 96, 154, 157, 6, 77, 50, 11, 142, 85, 147, 190, 36, 23, 59, 25, 124, 5, 1, 161, 130, 131, 64, 162, 47, 180, 144, 15, 92, 174, 192, 160, 159, 125, 153, 197, 2, 188, 112, 42, 56, 53, 134, 104, 3, 93, 185, 151, 146, 105, 43, 150, 45, 136, 70, 81, 149, 118, 155, 95, 183, 170, 135, 75, 137, 41, 24, 107, 108, 94, 14, 189, 126, 175, 22, 121, 38, 90]
init_num: 197 spread_num: 200 S:[9, 99, 49, 20, 30, 179, 18, 181, 198, 106, 19, 119, 4, 115, 168, 97, 69, 101, 46, 176, 32, 182, 16, 58, 65, 7, 71, 166, 33, 184, 28, 117, 128, 148, 195, 57, 164, 40, 165, 109, 173, 186, 172, 87, 26, 52, 78, 39, 76, 63, 114, 110, 196, 143, 34, 100, 60, 98, 171, 102, 61, 37, 8, 79, 13, 123, 35, 27, 55, 187, 191, 140, 152, 68, 84, 74, 193, 0, 139, 169, 10, 132, 73, 29, 113, 82, 138, 21, 177, 116, 163, 80, 83, 62, 66, 48, 129, 54, 167, 199, 194, 156, 120, 158, 145, 122, 133, 91, 141, 12, 178, 127, 67, 103, 200, 111, 88, 44, 86, 96, 154, 157, 6, 77, 50, 11, 142, 85, 147, 190, 36, 23, 59, 25, 124, 5, 1, 161, 130, 131, 64, 162, 47, 180, 144, 15, 92, 174, 192, 160, 159, 125, 153, 197, 2, 188, 112, 42, 56, 53, 134, 104, 3, 93, 185, 151, 146, 105, 43, 150, 45, 136, 70, 81, 149, 118, 155, 95, 183, 170, 135, 75, 137, 41, 24, 107, 108, 94, 14, 189, 126, 175, 22, 121, 38, 90, 51]
init_num: 198 spread_num: 200 S:[9, 99, 49, 20, 30, 179, 18, 181, 198, 106, 19, 119, 4, 115, 168, 97, 69, 101, 46, 176, 32, 182, 16, 58, 65, 7, 71, 166, 33, 184, 28, 117, 128, 148, 195, 57, 164, 40, 165, 109, 173, 186, 172, 87, 26, 52, 78, 39, 76, 63, 114, 110, 196, 143, 34, 100, 60, 98, 171, 102, 61, 37, 8, 79, 13, 123, 35, 27, 55, 187, 191, 140, 152, 68, 84, 74, 193, 0, 139, 169, 10, 132, 73, 29, 113, 82, 138, 21, 177, 116, 163, 80, 83, 62, 66, 48, 129, 54, 167, 199, 194, 156, 120, 158, 145, 122, 133, 91, 141, 12, 178, 127, 67, 103, 200, 111, 88, 44, 86, 96, 154, 157, 6, 77, 50, 11, 142, 85, 147, 190, 36, 23, 59, 25, 124, 5, 1, 161, 130, 131, 64, 162, 47, 180, 144, 15, 92, 174, 192, 160, 159, 125, 153, 197, 2, 188, 112, 42, 56, 53, 134, 104, 3, 93, 185, 151, 146, 105, 43, 150, 45, 136, 70, 81, 149, 118, 155, 95, 183, 170, 135, 75, 137, 41, 24, 107, 108, 94, 14, 189, 126, 175, 22, 121, 38, 90, 51, 31]
init_num: 199 spread_num: 201 S:[9, 99, 49, 20, 30, 179, 18, 181, 198, 106, 19, 119, 4, 115, 168, 97, 69, 101, 46, 176, 32, 182, 16, 58, 65, 7, 71, 166, 33, 184, 28, 117, 128, 148, 195, 57, 164, 40, 165, 109, 173, 186, 172, 87, 26, 52, 78, 39, 76, 63, 114, 110, 196, 143, 34, 100, 60, 98, 171, 102, 61, 37, 8, 79, 13, 123, 35, 27, 55, 187, 191, 140, 152, 68, 84, 74, 193, 0, 139, 169, 10, 132, 73, 29, 113, 82, 138, 21, 177, 116, 163, 80, 83, 62, 66, 48, 129, 54, 167, 199, 194, 156, 120, 158, 145, 122, 133, 91, 141, 12, 178, 127, 67, 103, 200, 111, 88, 44, 86, 96, 154, 157, 6, 77, 50, 11, 142, 85, 147, 190, 36, 23, 59, 25, 124, 5, 1, 161, 130, 131, 64, 162, 47, 180, 144, 15, 92, 174, 192, 160, 159, 125, 153, 197, 2, 188, 112, 42, 56, 53, 134, 104, 3, 93, 185, 151, 146, 105, 43, 150, 45, 136, 70, 81, 149, 118, 155, 95, 183, 170, 135, 75, 137, 41, 24, 107, 108, 94, 14, 189, 126, 175, 22, 121, 38, 90, 51, 31, 17]
